15883
0
0
0
0
0
0
0
0
0
0
0
0
0
0
0
0
0
0
0
0
0
0
0
0
0
0
0
0
0
0
0
0
0
0
0
0
0
0
0
0
0
0
0
0
0
0
0
0
0
0
0
0
0
0
0
0
0
0
0
0
0
0
0
0
0
0
0
0
0
0
0
0
0
0
0
0
0
0
0
0
0
0
0
0
0
0
0
0
0
0
0
0
0
0
0
0
0
0
0
0
0
0
0
0
0
0
0
0
0
0
0
0
0
0
0
0
0
0
0
0
0
0
0
0
0
0
0
0
0
0
0
0
0
0
0
0
0
0
0
0
0
0
0
0
0
0
0
0
0
0
0
0
0
0
0
0
0
0
0
0
0
0
0
0
0
0
0
0
0
0
0
0
0
0
0
0
0
0
0
0
0
0
0
0
0
0
0
0
0
0
0
0
0
0
0
0
0
0
0
0
0
0
0
0
0
0
0
0
0
0
0
0
0
0
0
0
0
0
0
0
0
0
0
0
0
0
0
0
0
0
0
0
0
0
0
0
0
0
0
0
0
0
0
0
0
0
0
0
0
0
0
0
0
0
0
0
0
0
0
0
0
0
0
0
0
0
0
0
0
0
0
0
0
0
0
0
0
0
0
0
0
0
0
0
0
0
0
0
0
0
0
0
0
0
0
0
0
0
0
0
0
0
0
0
0
0
0
0
0
0
0
0
0
0
0
0
0
0
0
0
0
0
0
0
0
0
0
0
0
0
0
0
0
0
0
0
0
0
0
0
0
0
0
0
0
0
0
0
0
0
0
0
0
0
0
0
0
0
0
0
0
0
0
0
0
0
0
0
0
0
0
0
0
0
0
0
0
0
0
0
0
0
0
0
0
0
0
0
0
0
0
0
0
0
0
0
0
0
0
0
0
0
0
0
0
0
0
0
0
0
0
0
0
0
0
0
0
0
0
0
0
0
0
0
0
0
0
0
0
0
0
0
0
0
0
0
0
0
0
0
0
0
0
0
0
0
0
0
0
0
0
0
0
0
0
0
0
0
0
0
0
0
0
0
0
0
0
0
0
0
0
0
0
0
0
0
0
0
0
0
0
0
0
0
0
0
0
0
0
0
0
0
0
0
0
0
0
0
0
0
0
0
0
0
0
0
0
0
0
0
0
0
0
0
0
0
0
0
0
0
0
0
0
0
0
0
0
0
0
0
0
0
0
0
0
0
0
0
0
0
0
0
0
0
0
0
0
0
0
0
0
0
0
0
0
0
0
0
0
0
0
0
0
0
0
0
0
0
0
0
0
0
0
0
0
0
0
0
0
0
0
0
0
0
0
0
0
0
0
0
0
0
0
0
0
0
0
0
0
0
0
0
0
0
0
0
0
0
0
0
0
0
0
0
0
0
0
0
0
0
0
0
0
0
0
0
0
0
0
0
0
0
0
0
0
0
0
0
0
0
0
0
0
0
0
0
0
0
0
0
0
0
0
0
0
0
0
0
0
0
0
0
0
0
0
0
0
0
0
0
0
0
0
0
0
0
0
0
0
0
0
0
0
0
0
0
0
0
0
0
0
0
0
0
0
0
256
256
0
0
0
0
0
0
0
256
0
0
0
0
-1
0
0
256
256
0
0
0
-1
0
0
256
256
256
0
0
-1
-1
0
256
256
256
0
0
-1
-1
-257
0
256
512
256
256
0
-1
-257
-1
0
256
256
256
0
0
-257
-1
0
256
256
256
256
0
-1
-257
-1
256
256
512
256
256
-1
-513
-257
-1
256
512
512
512
256
-257
-513
-257
-1
256
256
768
512
-1
-257
-257
-1
0
256
768
512
256
-257
-257
-257
0
0
768
768
512
-1
-769
-513
-257
-1
512
1024
1280
256
-257
-769
-513
-513
0
512
1280
768
0
-257
-513
-769
-257
0
1280
768
512
-1
-257
-513
-513
-1
768
1024
768
0
-257
-769
-769
-769
768
1024
1536
512
0
-513
-1281
-1281
-257
768
1792
1024
768
-1
-513
-1537
-769
-1
1280
1024
1024
512
-1
-769
-1281
-513
768
768
1280
512
256
-769
-1281
-1025
256
768
1280
1024
768
-257
-1281
-1537
-257
0
1536
1280
1792
512
-769
-1537
-1537
-257
512
1024
2048
1280
256
-1281
-1281
-1025
0
0
1536
1536
768
-257
-1281
-1025
-513
0
1536
1280
1536
-1
-1025
-1537
-513
-257
512
1536
2304
768
-513
-1281
-1537
-1281
0
768
2304
1536
768
-513
-1025
-1537
-1281
0
1536
1792
1536
-1
-769
-1025
-513
-769
512
1536
1792
256
-257
-769
-1793
-1025
512
1536
2048
768
0
-769
-769
-1793
-1025
512
2304
1792
1024
0
-1281
-1537
-1025
-257
1280
1280
1280
512
768
-1281
-2561
-513
1280
1024
1024
1024
256
-769
-769
-1025
-257
256
1536
1536
1792
-513
-2049
-1281
-1
0
1024
1536
1024
512
256
-1793
-2305
-513
1024
1280
2304
768
-1025
-769
-1
-1025
-1025
512
1536
1280
1792
-1
-2305
-1793
256
768
1024
256
256
1024
512
-1793
-1793
0
512
1024
3072
512
-2561
-1537
768
-1
-1025
256
1536
2048
1792
-1025
-2817
-1025
256
256
1792
1280
-513
-1
1536
-257
-2561
-1537
768
2816
2560
-1281
-2049
256
512
-1025
512
1024
-513
768
3584
-513
-4609
-1793
1792
1792
1536
0
-513
256
1024
-1025
-1793
-769
-1
2304
3840
-257
-3329
-769
1280
512
0
-513
-257
2048
2560
-1537
-3073
-769
0
1792
3840
0
-3585
0
3072
-769
-3073
-513
1280
2304
2560
-1
-2561
-1537
0
1792
1792
-1537
-2049
2816
3840
-2049
-3841
-257
1024
1792
2816
-1
-2561
-1
1280
-257
-769
-1025
-1025
3072
4864
-1025
-4865
-513
2048
768
0
-257
-513
1280
1792
-257
-1537
-2049
-513
3840
4352
-2049
-3841
1280
2048
-1281
-769
0
-513
2048
3840
-513
-3585
-1537
512
1792
1536
-1025
-1793
1792
2816
-1025
-2305
-1025
0
2304
2816
-513
-2561
-257
768
768
256
-1537
-1025
3584
3072
-2305
-2817
0
-257
256
2560
256
-2305
512
2816
0
-2305
-1793
256
2816
2048
-1281
-1537
0
0
0
1024
-513
-1281
1792
2560
-769
-2049
-1281
-1
1792
2304
-1025
-1281
1536
1024
-1025
-513
-257
-1025
1024
2816
0
-2049
-513
512
768
256
-769
-257
1792
1024
-513
-513
-769
-1025
1536
2304
-257
-1281
768
512
-257
-257
-513
-769
1280
2048
-1
-769
-257
-257
256
1024
-257
-769
768
1280
-1
-513
-769
-1
768
1280
-1
-1
-1
-257
0
768
-769
-769
1280
1792
-257
-513
-1
-257
0
768
0
-257
256
512
256
-1
-513
-513
768
1024
0
-257
-1
-257
256
256
-1
-257
768
512
256
-1
-257
-769
512
768
0
-257
256
256
0
256
-1
-513
0
768
256
-1
-257
-1
256
512
-1
-1
0
256
0
256
-257
-513
-1
1024
0
-1
-1
0
0
512
-1
-513
0
512
256
0
0
-257
0
512
256
-257
0
0
256
0
0
-513
0
512
512
-1
0
-257
0
512
0
-513
0
512
256
0
0
-257
-1
512
256
-257
-1
256
0
512
256
-257
-1
768
-1
0
0
-1
-257
768
256
-1
-1
256
0
256
256
-513
-513
1024
256
-513
256
0
-1
768
512
-513
0
256
0
256
512
-513
-257
1024
1024
-769
-1
256
0
512
512
-1025
-1
1024
0
-257
768
-257
-769
1024
1024
-1025
-513
512
0
768
512
-1025
-257
1792
256
-769
0
512
-769
512
1024
-1025
-513
1280
-1
256
1024
-1281
-769
2048
512
-1281
-1
768
0
256
768
-513
-513
1536
0
-1025
1280
-257
-1793
1792
1536
-1793
-1
768
0
512
512
-1281
-513
1536
512
-1537
512
1024
-1537
768
2560
-1537
-1025
1536
-257
0
1024
-1793
-1281
2816
1280
-2049
-1
1536
-513
0
1280
-1281
-1281
1792
256
-513
1280
-257
-1793
2560
2048
-2817
-1281
2304
-1
-257
1024
-1537
-513
3072
256
-1793
1024
512
-1537
768
2048
-1793
-1793
2304
1024
-1025
1280
-513
-1537
3072
768
-3585
768
1792
-1537
256
1792
-1025
-769
1536
768
-769
512
-1
-2305
1792
2816
-3329
-1025
3584
-513
-513
2048
-1281
-1025
2048
0
-1281
768
256
-1537
1280
3072
-1793
-2561
2816
1024
-1537
768
-769
-1793
2816
1280
-2817
512
2048
-1025
0
2304
-1537
-2305
2048
1024
-1281
256
-1
-1025
2816
1792
-3329
-769
3072
-257
-1793
1280
-1
-1793
2304
1280
-1793
768
768
-1537
1280
1792
-2817
-1281
2560
768
-1281
256
512
-769
1280
1280
-2561
0
2304
-2049
-257
3072
-1281
-1793
2560
1024
-769
0
-1
-257
768
768
-1537
-513
2304
0
-1025
2304
-1
-2049
2048
1024
-1793
256
256
-1281
1280
2048
-1793
-1281
2304
1280
-1793
-1
512
-1025
512
1024
-1025
0
1024
-513
512
1536
-1537
-1281
2048
768
-1793
0
768
-513
1024
1280
-1537
-257
1792
-1
-1281
768
256
-1025
512
1280
-257
-257
768
-1
768
512
-1793
-1
1792
-513
-1281
1280
512
-769
768
1024
-513
-769
1024
-1
-769
768
-1
-769
1024
1280
-513
0
256
-1
512
-257
-769
256
512
-513
0
1536
-1
-1025
1024
1536
-1281
-769
1024
-1
-257
512
0
-1
512
512
-1
-1
-1
0
0
-1
-1
256
256
-257
768
768
-513
-513
1280
256
-1537
0
1024
-1
-513
768
768
-257
0
512
256
-513
-257
512
0
-1
0
768
0
-1
768
256
-513
-257
1024
-1
-1025
512
768
-257
-257
1280
256
-513
-1
512
0
-769
0
512
0
-1
256
768
-1
-1
256
256
-513
-1
512
-1
-1
512
256
-257
256
768
-257
-513
256
256
-513
-257
1024
256
-257
0
1280
0
-769
0
512
-1
-1025
512
768
-1
-257
512
1024
-257
-257
256
512
-513
-513
256
512
0
-257
768
512
0
-513
0
256
-257
-513
0
768
0
-1
256
768
0
-257
-1
256
0
-513
-257
512
768
-257
-1
1024
1024
-769
-513
768
0
-1281
-513
1792
256
-769
256
2048
-257
-1537
512
1024
-769
-1537
1536
768
-1025
-257
1792
512
-1281
512
1024
-257
-1537
512
512
-769
-1
1024
768
-257
768
0
-1
-257
256
-1025
-257
1280
256
-1025
256
2816
-513
-2049
1024
2816
-2305
-2561
2304
2304
-2817
-1793
4352
1792
-2817
-769
3840
0
-3841
-257
2560
0
-2561
1280
2048
256
-1025
256
512
-1
-1
-1281
0
1024
768
-2305
256
3072
512
-2817
512
4096
-1537
-4097
1024
3840
-2561
-2817
3584
3328
-2561
-1793
3840
256
-3329
-1025
3072
-513
-2049
1280
2048
-513
-769
2048
-1
-513
-1
1024
-1537
-257
1024
-257
-257
1280
1792
-1537
256
1536
-513
-2817
768
2304
-2561
-1025
3328
2560
-3841
0
4096
-1
-4609
512
4608
-2305
-3585
1792
4352
-3073
-1793
3328
2816
-2561
-1537
2304
-1
-1537
-1025
1536
512
768
0
-257
1280
1024
-1281
-2817
2560
1536
-2561
-2561
4352
2560
-4353
-769
5120
1792
-5889
0
4096
-513
-5633
1280
4608
-1281
-2049
2304
3584
-2305
-1281
768
256
-1793
-1
1024
-257
1280
512
256
-513
2048
-257
-2049
-1
1792
-769
-2817
2560
1792
-769
-1281
3840
768
-2817
-513
2304
-769
-3841
2048
2304
-513
-1537
3328
1536
-2817
-769
2048
0
-3329
1024
1792
0
-1537
1536
1536
-513
-1
0
512
-1025
512
-1025
0
768
768
-769
0
2560
-513
-1793
-257
3072
-1537
-2049
1536
2816
-1281
-2305
2816
1280
-1537
-2049
3072
512
-1793
-257
1792
512
-2049
512
512
768
-1025
768
0
256
256
-769
0
0
1024
-1537
256
768
1280
-1281
0
2048
-257
-1025
-257
1792
-1281
-769
256
1792
-257
-257
1792
0
-257
-1025
1024
-1025
-257
0
1280
256
0
1536
-1
256
-769
256
-1025
-1
-257
512
256
256
1536
-257
768
-257
-1
-1281
-1
-1
-257
256
768
1792
-513
1024
0
0
-1537
-257
0
-257
0
0
2304
-257
768
-1
512
-769
-769
-1
0
0
-257
1792
0
1024
-1
256
-1
-513
-257
-769
768
-1
768
-257
1792
0
-257
-1
-1
-1
-1025
512
-1
1280
-257
768
256
256
-1
-769
512
-257
0
-257
1280
-1
768
256
-257
512
-257
-1
-769
1024
-1
256
-1
1024
0
-257
256
-769
512
-257
-1
-257
1792
-1
-513
768
256
-1
-1281
512
-1
512
-257
0
768
1280
-257
-1281
1536
-1
-1025
-769
1536
0
0
0
512
1024
-257
-769
-769
1792
-769
-1537
1024
2304
-257
-513
1536
0
0
-1025
-513
0
1280
-1025
-513
2560
1280
-1281
-513
2048
-769
-1025
-257
0
512
768
-513
-1
2816
-1
-1793
-1
1792
-1281
-1281
1024
256
512
512
-257
-257
2560
-769
-2561
1024
1792
-1537
-1025
2048
512
256
-1
-257
256
1792
-1793
-2561
3072
1792
-2817
-513
3840
0
-1537
-1
512
1024
0
-2305
-257
4352
-257
-4097
1536
4608
-2305
-3073
2048
1536
-513
-1025
-257
1536
2560
-2561
-2561
4096
2560
-4865
-1537
5120
256
-3073
0
2048
512
0
-2049
-257
4096
-257
-4609
1536
5120
-2561
-3073
2816
1792
-1537
-513
-1
256
2304
-1281
-3073
3072
3328
-3841
-1537
4096
256
-2561
256
768
-1
1536
-1025
-2049
3328
2048
-4353
-769
4864
-769
-3329
1024
1536
-1
256
-1281
-513
3840
0
-5121
1280
5376
-2561
-4097
3328
2560
-1793
-769
0
1280
2304
-2305
-3585
4352
3840
-5633
-2305
6144
1024
-4865
-1
3072
256
-769
-2049
0
4352
0
-5633
1536
6656
-2817
-4865
3584
3584
-2817
-1537
1024
1024
1280
-1793
-2561
3584
3328
-4865
-2305
6144
512
-4609
256
3072
-257
-769
-257
-513
2816
768
-3841
256
4864
-1281
-4097
2560
2304
-2049
-257
512
0
1280
512
-3073
1536
3584
-2305
-2817
3072
1792
-2817
-1
1536
-1
1024
-513
-1537
1792
2816
-3585
-1793
4608
512
-3329
0
3072
-257
-513
-257
-1
2304
0
-3585
256
4352
-1281
-4097
3072
2560
-1537
-1793
1536
768
256
-769
-2049
2560
1792
-2561
-1793
4096
1280
-3841
256
2560
-1
-1281
-257
768
768
768
-2817
1280
2816
-513
-2817
1792
2304
-2305
-769
1024
512
0
-257
-1
512
2304
-1793
-1025
2048
256
-1537
-769
2560
-1025
256
0
256
512
512
-769
-769
1792
-1
-2049
1024
512
256
-1025
1280
-1
512
512
-1281
512
256
256
-2049
1280
1024
-513
0
512
768
-1
-1
-1
-257
1536
-1793
256
256
1536
-1281
256
1536
-257
0
-513
512
-1
0
-257
-257
1792
-257
-1
512
768
0
-1281
1536
-1025
768
-769
768
0
512
256
-257
1280
-1
-513
0
-1
256
-1025
1280
-257
512
256
-1
768
-513
768
-1537
1024
-513
-1
-1
256
512
-257
768
256
-1
512
-1025
768
-1025
1024
-769
768
512
-1
768
-257
1024
-769
256
-257
-1
0
-513
768
0
256
256
-1
1280
-1025
768
-1025
1024
-513
-1
256
256
768
-513
768
0
256
-1
-513
768
-257
0
-257
512
1024
-513
768
-513
1536
-1025
0
-257
256
0
-769
512
512
512
-1
-257
1280
-513
0
-1025
768
0
-513
0
0
1536
-769
256
-1
768
-257
-769
256
256
0
-513
256
1280
-1
0
-769
1536
-257
-257
-513
512
768
-1025
256
256
1280
-513
-513
768
256
-1
-1025
256
1024
-257
-1
-257
2048
-257
-257
-257
1280
0
-1025
-1
768
768
-769
-257
1024
768
-257
-1025
1024
512
-257
-1025
256
1536
-513
-257
-1
1792
-1
-1025
0
1024
512
-1281
-257
1280
512
-513
-769
1536
768
-513
-1025
768
1280
-769
-769
256
1536
-257
-1025
256
1536
0
-1281
0
1280
256
-1281
-257
1536
512
-769
-769
1536
768
-769
-769
768
1536
-1025
-1025
512
1536
-1
-1537
512
1536
0
-1281
-1
1792
0
-1281
-513
1792
768
-1281
-513
1280
1024
-1025
-1025
1024
1280
-769
-1281
768
1536
-257
-1537
512
1792
-1
-1537
-1
2048
0
-1281
-257
1792
768
-1537
-513
1280
1024
-1025
-1025
1280
1280
-513
-1281
768
1536
-513
-1281
512
1792
-257
-1281
256
1536
0
-1281
-1
1536
512
-1281
-513
1536
768
-1281
-769
1536
1280
-1025
-1281
1024
1536
-1025
-1025
512
1792
-1
-1281
256
1280
256
-1537
-257
1536
512
-1025
-769
1792
768
-1281
-513
1280
1024
-1281
-257
1024
768
-513
-769
768
1024
-1
-1025
512
1280
-1
-1537
-1
2048
0
-1281
-1
2048
256
-1793
-257
1024
768
-1025
-257
1024
768
0
-1281
512
1024
0
-1025
0
1792
-513
-769
256
1280
-257
-1025
1024
768
-257
-1025
256
768
-1
-257
-1
1536
512
-513
-1281
768
1280
-1281
-769
1024
2304
-1025
-1025
768
768
-257
-1281
768
256
512
-1
-513
512
0
0
-769
1024
768
-1025
-1
512
512
-1793
512
1792
0
-769
-1
1536
-769
-769
-257
768
1280
-1
-1
-513
1792
-257
-2049
-257
1792
1280
-2049
512
1280
256
-1281
-257
1024
-513
512
-1
256
-1
0
256
-513
1536
-257
-1
256
768
-769
-2049
2048
1024
-513
-1025
2048
1792
-1793
-769
-257
1280
-257
-1
-1
768
2304
-1537
-1025
0
1792
-513
-1793
1792
1024
-1
-1793
1280
256
-1025
1024
256
256
-769
512
-257
-1
512
-769
1280
768
512
-1793
-513
1792
-257
-1537
-513
4096
256
-2049
256
768
256
-1537
256
-257
1792
768
-1537
512
256
1024
-1537
-1
1280
512
-513
-1025
2304
-1281
-513
1792
512
-513
0
1280
-1537
256
-769
-513
1792
256
512
-513
1024
0
-1
-2049
-513
3840
-1537
-1025
1280
1024
-513
-257
-1
-769
3328
-769
-1793
1536
256
-257
-1281
512
1024
1792
-1793
-1
3328
-2817
-1281
2048
512
-1537
1280
512
-513
1792
-3073
0
3072
-513
-1537
1280
2048
-1025
-1
-3073
1792
3328
-4353
0
4352
-1
-2817
1792
-1
-769
2048
-2305
1024
2304
-2561
-513
2560
-1025
-1025
3072
-1281
768
1280
-3329
512
2304
-3073
-769
5632
-2049
-769
3072
-2817
256
768
-2049
256
3072
-2049
0
3584
-4609
1024
3328
-3329
512
2560
-1793
0
2048
-4353
1792
4096
-4865
768
4608
-2561
-1281
1792
-2561
1792
1280
-4353
4608
3072
-5633
256
4608
-4097
-1281
3840
-2561
3328
512
-5121
4352
2560
-6145
256
5632
-3073
-257
1536
-3073
4096
-257
-5889
5632
4352
-6657
1280
4608
-4609
-1
512
-2305
4096
768
-5121
5376
3328
-7937
2560
3328
-4097
1792
512
-2305
3328
0
-6145
5376
3072
-6913
4864
2816
-4353
1792
-1
-3585
3072
256
-4609
6400
1536
-6145
4608
1792
-5633
2304
1024
-3329
4096
-1281
-3841
6144
-769
-5889
5632
3328
-5633
3072
1280
-3841
3072
-3329
-2305
6912
-1281
-4609
6400
2304
-6657
2816
768
-3073
3584
-2561
-1537
6656
-2305
-5377
6144
1280
-4865
3328
768
-1281
2816
-3585
-2817
6656
-2561
-5121
7424
768
-3585
2048
-257
-1025
2048
-3073
-1537
7424
-3073
-4353
6656
-769
-3585
2560
0
-257
2816
-2561
-1281
5120
-3841
-3073
5888
-1025
-2305
3840
-769
-1281
2560
-3073
-513
4352
-2561
-1281
4864
-1281
-2817
3328
-1793
-513
2816
-2817
1024
3584
-3329
-1537
4352
-1537
-2561
3584
-513
-1
1280
-2817
1280
2304
-3841
0
5120
-2049
-2049
3072
-513
-1025
512
-1537
1536
2304
-3329
1024
3840
-2817
-1281
2304
-513
-513
1024
-1281
768
2048
-3329
512
2816
-1537
-1
1536
-257
0
256
-2305
1024
2048
-2817
512
3072
-1025
-769
768
-1
256
-257
-1281
1792
768
-2561
768
2304
-1537
-513
1792
-1
0
-1
-513
1024
-257
-1281
1024
1280
-1281
512
1536
-1025
0
256
-513
256
0
-257
512
512
-513
512
256
-513
768
256
-769
768
256
-1025
256
768
-257
-1
512
512
0
-513
-1
1280
-257
-1281
1024
1024
-1025
-1
1024
256
-513
0
512
512
-513
-257
1024
-1
-769
512
512
-257
0
256
0
-1
0
0
256
-1
0
256
-1
0
512
-1
-257
768
256
-257
0
768
-1
-257
256
512
-1
-513
512
1024
-513
-769
1024
512
-513
-257
1024
256
-513
-1
768
0
-769
256
512
0
-257
512
0
0
-1
256
0
-1
256
0
-257
256
512
-257
-1
0
768
-513
-1
512
768
-769
0
768
0
-257
-257
1280
-1
-257
-1
768
-257
0
0
256
0
-1
512
-1
-257
256
512
-513
512
0
512
-513
256
256
256
-1025
512
1024
-513
0
-257
1280
-513
0
-1
768
-513
256
0
-1
512
-257
0
0
256
-1
0
-513
1536
-513
-257
-1
1280
-1
-257
-257
1024
768
-1793
1280
-1
768
-1281
512
256
512
-1025
0
1280
-257
256
-513
768
256
0
-1025
1024
-257
1024
-1025
256
512
512
-1025
256
768
-513
512
-1537
2560
-769
-1
-769
1536
-1
-1
-513
256
1536
-1281
512
-1
768
-257
0
-769
1792
-769
256
-1
768
0
-257
-257
768
1280
-2049
1280
-769
2304
-1537
-1
0
1536
-769
-257
768
-257
1280
-1793
1280
256
0
-1025
1024
-1
1024
-1537
0
1024
256
-769
-257
1024
256
768
-2561
2816
-769
768
-1281
1024
512
0
-769
0
2304
-1793
512
-1025
2048
-1
-513
-769
2304
-257
-1
-769
512
1280
-513
-769
256
1536
-1281
1024
-1537
2816
-1281
-1
-1
1536
-1
-769
0
0
2304
-2561
768
-1
1280
-513
-257
-257
1536
-513
-257
256
0
512
-513
256
256
768
-1793
1792
-1025
1536
-1025
256
256
256
-1
-257
1024
-1281
1792
-1281
1280
-769
256
256
768
-769
0
256
256
256
-1025
768
512
256
-1025
1024
-257
1536
-1793
256
768
512
-513
-513
1024
256
512
-2305
2048
256
512
-1537
-1
1280
1024
-1537
-769
1536
768
-1
-1793
1024
1536
0
-2305
1024
1024
1280
-2305
-257
2304
1024
-1537
-1537
2048
1280
-1
-3329
1792
2048
0
-2305
-1
2560
768
-2305
-1025
2560
768
-1025
-2049
1792
1792
-513
-2561
1280
1792
256
-2049
-513
2304
768
-1281
-1537
1792
1280
0
-2305
512
1792
512
-1537
-769
1280
1536
-769
-1793
1024
1792
0
-2049
0
2048
1024
-2561
-513
1792
1792
-1281
-2305
1792
2560
-257
-3073
512
2560
768
-2817
-769
2816
1536
-1793
-1793
1792
2304
-769
-2305
512
2304
0
-2305
-513
2048
1536
-1793
-1025
1280
2048
-513
-2305
256
2304
768
-2561
-513
2048
2048
-1537
-2305
1536
2560
-257
-3073
0
3072
768
-3073
-1025
3072
2048
-2305
-2305
2048
3072
-1537
-2817
768
3584
-1
-3073
-257
3072
1280
-2817
-1281
2304
2304
-1793
-2305
1280
2560
-257
-2561
0
2560
1024
-2305
-1025
2048
1792
-1025
-2049
768
2304
0
-2049
-513
2304
1280
-1537
-1793
1792
2304
-1025
-2305
512
2816
-1
-2561
-513
2816
1280
-2305
-1281
2304
2304
-1793
-2305
1280
2816
-257
-2817
256
2816
768
-2305
-769
2304
1536
-1537
-1793
1280
1792
-513
-1793
256
2048
256
-1537
-769
1536
1024
-1025
-1281
768
1792
-1
-1537
-1
2048
768
-1537
-769
1280
1536
-1025
-1537
768
2048
-1
-1793
0
2048
768
-1793
-769
1536
1280
-1025
-1537
1024
1536
-257
-1537
256
1792
0
-1281
-257
1536
512
-1025
-769
768
1280
-257
-769
256
1280
0
-769
-257
768
512
-769
-513
512
1024
0
-769
0
1024
512
-769
-513
512
768
-513
-769
512
1280
0
-769
0
1024
256
-1025
-513
768
512
-513
-513
768
1024
-1
-513
0
768
-1
-769
-257
512
512
-1
-1
512
768
0
-257
-1
256
0
-257
-1
256
512
0
-1
256
512
0
-513
-1
256
256
-257
-1
512
512
0
-1
0
512
0
-513
-1
512
256
-1
-1
512
512
0
-257
0
256
-1
-1
-1
256
256
-1
0
256
256
0
-1
0
256
0
-257
-1
0
256
-1
-1
256
512
0
-1
-1
256
256
-513
-1
256
0
0
-1
512
768
0
-1
0
0
0
-257
-257
256
256
0
256
256
768
256
-257
-1
-1
-1
-1
-257
256
768
0
256
256
256
256
-769
-257
0
-257
-1
0
512
1024
256
-1
768
0
-513
-513
-769
512
0
-257
768
768
512
256
-257
0
0
-1025
-1
0
-1
768
0
512
1024
-1
0
-1
-769
-1
-1
-513
768
0
512
1024
-257
512
256
-769
-1
-513
-1
512
-257
0
1536
-1
256
0
-257
1024
-769
-513
768
-1
0
0
-1
1024
256
-1025
1024
0
-257
256
-1025
768
512
-1025
512
0
-1
768
-257
0
1280
-769
256
256
-1025
768
-513
-257
1024
-1
512
768
-257
768
256
-1537
256
-257
-257
768
-1281
1280
1792
-257
512
-1
-1
256
-1793
-1025
1536
-513
256
1280
256
2304
-513
-769
1280
-1025
-1281
-257
-513
1280
768
-513
2560
1024
-513
512
-1793
-1
-257
-2049
1024
768
0
1792
512
256
1280
-1793
-257
-1
-2305
768
-1
0
2048
256
1024
1024
-1281
-1
0
-2049
0
-257
0
2304
-769
1024
2048
-769
0
-513
-1025
512
-1025
-769
2048
-1
512
1280
-769
1536
-769
-1537
768
-769
-257
768
-257
1024
1024
-769
1024
0
-1025
1280
-1537
-1
768
-513
1024
0
-513
1536
0
-1025
768
-257
256
768
-1793
1536
256
-1025
512
-1
512
768
-1281
768
1792
-1025
-1
0
-257
1280
-2049
0
1792
-1
256
512
0
1280
-769
-1281
1024
-513
-769
768
-513
2048
256
-257
1536
-1
-513
-1
-1281
-1
512
-513
1024
1024
-257
2048
-513
-1
-1
-1025
-1
-1
-769
1280
768
0
1024
256
-1
512
-2049
512
-257
-769
256
512
768
1280
-257
256
768
-769
-513
-1
-1025
1280
-769
768
1024
256
256
512
-513
0
-769
-257
256
0
-257
1536
-257
1280
-1
0
0
-257
-513
512
-257
-1
256
512
512
256
-769
1280
-257
-1
-257
0
256
256
-513
1024
256
0
-257
512
-257
768
-1281
1024
0
256
-257
256
0
512
-513
0
256
256
-257
512
-257
768
-513
256
0
0
-1
256
-1
256
-1
256
-1
512
-513
1024
-769
768
-257
768
-1
256
-257
768
-257
0
-257
512
-257
512
-513
1280
-257
256
-1
512
-1
-1
-257
256
0
0
-257
768
-1
768
-1025
768
-1
256
-513
512
0
512
-513
512
0
512
-769
768
-513
768
-769
512
-1
512
-1
256
-1
256
0
256
-513
256
-1
768
-513
512
0
512
-257
256
0
256
-257
512
-257
512
-257
768
-769
768
-1
512
-769
768
256
0
-769
512
256
256
-769
768
0
256
-513
512
-1
256
-1
256
-1
256
256
0
-513
768
0
256
-1025
1024
256
256
-1025
768
512
256
-769
256
256
512
-769
256
-1
1024
-257
-1
-257
1024
256
-513
-513
1280
768
-1025
-1025
1792
768
-769
-1281
1792
768
-513
-1025
1024
512
-1
-513
256
0
768
-257
-1
-257
1792
-1
-1025
-257
2048
256
-1537
-1
2048
256
-1281
-257
1536
0
-513
-257
768
0
256
-1
-257
0
1024
-1
-1025
0
1792
-1
-1281
-1
2048
-1
-1281
-1
1792
0
-1025
-1
1024
0
-257
-1
256
0
768
-1
-769
-1
1792
0
-1793
0
2560
0
-2305
0
2560
-1
-1793
0
2048
0
-769
-1
512
256
512
-257
-769
768
2048
-1025
-2049
1280
3072
-1281
-2817
1536
3072
-1281
-2561
1280
2560
-513
-1793
512
1536
0
-769
-513
512
1280
0
-1537
-257
2048
1024
-2049
-1281
2304
2048
-2305
-1793
2304
2304
-2049
-2049
1792
2048
-1281
-1537
1024
1536
-257
-769
0
512
512
0
-1025
-257
1792
768
-2049
-1025
2560
1280
-2561
-769
2816
1024
-2305
-513
2048
256
-1281
0
1024
-1
0
512
-769
-513
1536
768
-1537
-257
2560
512
-2305
-513
2560
512
-1793
0
2048
256
-1281
-1
512
0
256
256
-257
-1
1536
0
-2049
-257
2304
512
-2305
0
2816
256
-2817
-257
2560
256
-1537
0
1792
256
-769
-1
-1
256
768
0
-1025
768
2304
-769
-2561
768
3328
-769
-2561
1792
3072
-1281
-2817
1024
1792
-769
-769
1024
1024
-257
-1
-769
-769
768
1024
-769
-1025
2304
1280
-2561
-1793
2304
1536
-2305
-1
2816
1024
-2049
-513
1280
-1
-1
512
1024
0
512
0
-1537
-1
1280
512
-1025
768
2304
-513
-2049
-1
1536
-769
-513
1536
1280
-513
-1025
256
-769
-513
768
768
0
0
1280
-769
-1537
0
1280
0
-257
1792
768
-769
-769
512
-1
-513
1792
1280
0
-1
1024
-513
-2049
768
1536
256
-513
1536
768
-1793
-1025
256
512
-513
1024
1024
-513
-257
-1
-769
-1537
1280
1536
-513
-1
1536
256
-2817
-513
1792
512
-513
1280
2304
-1025
-1025
-1
256
-257
512
2304
-1
256
512
-513
-2049
0
2304
-1
-257
1280
1536
-2305
-2305
1280
256
-769
0
2560
256
-1793
-257
-1
-769
-257
2048
512
-1
1024
0
-1537
-1537
1536
768
-513
1280
2560
-257
-2305
512
512
-513
-513
2560
2048
-1281
-1
256
-769
-1537
1024
1280
-1
512
512
-257
-2561
0
1024
-1025
768
1792
768
-1793
-513
512
-1025
-1025
1280
2816
-769
-1
1280
-1025
-1025
-513
1792
512
-1
1792
512
-1281
-513
768
-513
0
1792
1024
-1
-1281
768
-513
-2305
1024
2048
-1
0
512
0
-1793
-1793
1280
512
-513
1536
1536
-769
-769
-1
-513
-1
0
2048
768
-1281
1792
-513
-1793
0
1024
1024
-513
768
1280
-513
-2305
768
1280
-1537
1792
768
512
-257
-1793
1280
-1281
-513
2304
512
0
256
256
-1537
-769
-257
1024
512
-769
3328
-257
-1793
512
-769
512
-257
256
2304
-513
-769
768
-257
-1025
1280
768
256
1024
-769
768
-1025
-1793
2560
-769
256
2048
-257
256
-1281
-513
512
-513
0
2048
512
-1025
1280
-1281
-257
256
-1537
3072
-513
-1
2048
-1793
0
-1
-257
768
256
0
768
-1
-1793
1536
-769
-1
2304
-1025
1792
-513
-1537
1536
-2049
0
1280
256
768
256
-513
-1
-257
-1793
1792
256
-513
2816
-1281
512
0
-2049
2048
-769
0
1792
-513
-1
256
-513
-1
768
-257
1536
512
-2049
2304
-1793
-769
1536
-1025
2304
0
-257
1536
-1793
-769
256
-1
-257
1792
0
256
768
-2305
1536
-1281
-769
3072
-1537
768
512
-1025
768
-1025
256
1280
-1
-257
1536
-1025
-1281
1280
-1281
1536
768
-257
2816
-2049
-1
512
-2049
768
768
256
768
512
-257
256
-1025
-513
2048
-1537
768
1792
-1537
1024
-769
-257
1280
-1281
1792
1024
-1025
256
0
-1537
0
1024
-1
1536
-257
768
512
-3073
1280
512
-1793
2048
256
768
-513
-1025
1024
-513
-1025
1792
1536
-1537
1024
512
-1793
-1
-513
2048
0
-1281
3840
-769
-2305
768
512
-513
-513
1792
1536
-1025
-1793
2560
-257
-3073
3072
1280
-513
-1
0
1280
-3329
-513
3328
-513
-769
3072
1536
-2817
-513
768
256
-2561
512
5120
-1793
-2049
3328
-1
-2817
-257
2816
1024
-2817
1024
3072
-3585
-2305
4096
256
-1537
1536
3072
-1025
-3841
1024
2304
-4353
-257
5888
-1
-2305
1536
2304
-2561
-4097
3328
2816
-4097
512
4864
-1537
-3841
2304
2048
-1537
-1793
4352
1792
-6145
1024
3072
-3329
-2049
4352
3072
-2817
-769
4352
-769
-6401
1792
4864
-3841
-769
4864
1536
-3841
-1793
5120
-1281
-4353
3840
3840
-4353
-1281
3840
-769
-3585
1280
5376
-1281
-3841
5376
1024
-6657
-257
4352
-513
-3585
3328
4864
-2817
-4353
4864
512
-5889
1792
4608
-1025
-3073
2304
2560
-4353
-1537
5888
0
-4353
3328
3072
-4609
-2817
2816
2304
-4353
512
6912
-1537
-4609
2560
2048
-4609
-1281
4096
1792
-3329
512
4864
-3329
-3329
4352
1024
-3073
512
3840
-1025
-4353
1792
3328
-3329
-1281
6400
0
-3841
768
2560
-2561
-4097
3328
3584
-3585
-1
5120
-1025
-4353
1792
2048
-2305
-1537
3584
1792
-4865
768
3840
-2561
-2305
4352
2304
-3585
-769
3840
-257
-5889
1792
5376
-2817
-1793
4352
1792
-3841
-1537
3584
-513
-3585
2304
3840
-3073
-1025
3840
-257
-3073
768
4352
-1537
-3841
3584
2560
-5121
-1537
4864
1024
-3585
768
4352
-769
-4609
1792
2304
-3329
-513
3328
768
-2305
768
2304
-1281
-2305
2560
1536
-3329
0
3328
-513
-3073
512
3584
-513
-2561
2304
2048
-2305
-1793
1792
256
-1537
-1
2560
512
-1793
768
1024
-1025
-769
1024
512
-769
-257
1536
256
-1793
256
1792
-1
-769
256
1280
-513
-1537
768
1024
-769
-1
2048
512
-1281
-1
1536
-1
-2305
768
2304
-1025
-1281
1792
1792
-1793
-1537
2560
1536
-2561
-769
2560
0
-2049
256
2048
-257
-1281
1792
1024
-2049
-1
2048
-513
-2305
1536
2560
-1537
-2049
3072
2048
-3585
-1281
3840
768
-4097
-1
3840
-1
-3329
1024
3072
-1025
-1793
1792
1280
-2049
-257
2304
-257
-2049
1536
2304
-1793
-1281
3328
768
-3585
-257
4096
-257
-4097
1024
4096
-1281
-3329
2048
2816
-1793
-2049
2560
1280
-2561
-257
2816
-1
-2561
1280
2560
-1281
-1793
2560
1024
-2561
-257
3072
-257
-2817
1024
3072
-1025
-2305
1792
1792
-1793
-1281
2304
512
-2305
256
2816
-769
-2561
2048
2560
-2049
-1793
2816
1024
-2817
-1
3072
-257
-2817
1280
2816
-1025
-2305
1536
1792
-1537
-1025
2048
512
-2049
512
2816
-1025
-2561
2048
2304
-2305
-1537
2816
1280
-2561
-1
2816
-1
-2561
512
2560
-513
-2049
768
2048
-513
-1025
1024
256
-1025
512
1536
-1281
-1025
2048
1024
-2049
-1
2816
-513
-2305
1280
2304
-1793
-2049
2048
2304
-1793
-1793
2304
1792
-1793
-1281
2304
512
-2305
256
2816
-769
-2305
1792
2048
-1537
-1281
1536
256
-1281
0
1280
-257
-769
768
1280
-257
-1025
512
768
-257
-513
512
-1
-513
1280
768
-1281
-513
2048
0
-1793
512
1536
-1281
-769
2048
768
-2049
-513
2304
768
-1537
-513
1792
512
-1793
0
2048
-257
-2049
1536
2304
-1793
-1537
2304
1536
-1793
-513
1024
0
-513
256
512
-1
-257
256
1024
256
-769
-257
512
0
-1
-1
-257
256
1536
0
-1281
1024
1280
-1281
-1025
1792
0
-2049
512
2560
-1
-1793
512
2048
-1
-2049
-1
1280
-1
-1281
1024
2048
-1281
-1025
2304
1280
-2305
-1025
1536
0
-1025
0
1024
0
256
512
0
0
-257
-257
256
256
-513
-1
768
1024
256
-257
-513
512
768
-1025
-769
1024
512
-1281
768
2048
-769
-1537
1280
1536
-1281
-1281
768
1280
-257
-513
768
1024
-769
-769
1280
512
-1793
-513
2048
256
-1281
0
1280
-1
-257
256
-1
-1
256
256
0
256
-1
-1
512
256
-257
-257
256
512
256
-257
-1
768
256
-769
-1
1024
-257
-769
1024
1280
-769
-513
1536
512
-1025
-769
512
256
-257
-1
768
512
-257
0
1024
-1
-1281
-1
768
-1
-513
768
768
0
256
256
-257
-257
-1
-257
0
0
0
256
768
512
-1
-1
-1
0
-257
-513
-1
768
512
0
768
768
-257
-513
512
-1
-1025
-1
768
512
0
512
512
256
-257
-257
-1
-257
-257
0
768
256
0
512
512
-1
-257
-1
-257
-1
0
256
256
512
512
0
0
-1
-257
-257
-1
0
0
256
256
512
256
-1
-1
-1
-1
-257
256
256
0
256
512
256
-1
0
0
-1
-1
0
256
256
512
256
512
0
-1
-1
-1
-1
-1
512
256
512
512
256
0
-257
-1
-257
0
256
256
512
512
256
0
0
-1
-1
0
0
256
256
256
256
256
256
0
0
-1
-1
-1
-1
0
256
512
512
512
0
0
-257
-257
-1
0
512
768
768
512
0
-1
-1
-1
-1
0
512
512
512
256
0
0
256
256
0
0
0
0
0
0
256
512
1024
768
256
-1
-257
-257
-1
0
256
1280
1280
1024
0
-257
-513
-513
0
256
768
1024
1024
768
-1
-1
-257
256
512
512
256
0
256
0
256
0
768
1280
1024
512
-513
-513
-513
256
512
768
1536
1280
1280
-1
-769
-1025
-257
768
768
1280
512
1024
512
-1
-257
-257
768
1024
1280
0
-1
-1
0
512
256
1024
1280
1792
768
-769
-1025
-769
768
1024
1536
1024
1024
1280
-1
-257
-1281
256
1280
1792
1280
0
0
-1
512
-1
256
1280
1792
2048
0
-769
-1281
-1
768
1024
1536
1280
2048
768
-1
-1281
-1025
768
1536
2048
512
512
256
256
0
-513
512
1536
2816
1024
-257
-1025
-769
768
512
1280
1280
2048
2048
0
-769
-2049
-1
1024
2304
1792
1024
1536
1024
1024
-513
-1
1024
2560
2816
768
256
-1
1024
1280
1536
2048
2304
3584
2048
768
-1025
-257
1792
3072
3584
2560
3072
2816
2304
768
-1
1280
2560
4608
3584
2560
1792
2304
3328
2560
2816
3072
5120
5120
3584
2048
1280
3328
4352
5376
5120
4864
5376
4608
4096
1536
2304
3584
6144
6144
4864
4608
4096
4608
3584
3072
3584
4352
5888
4864
3840
1792
2304
3840
4608
4352
3328
4864
4352
3584
1280
1024
2304
3584
5120
4864
4352
3584
3328
3584
2304
2304
2304
5120
5120
4096
2560
2560
3584
3328
3584
3584
4096
3840
3840
3328
1792
1792
3072
5376
5888
4352
4864
4864
5376
3328
3840
4608
6912
7424
8192
8448
7680
7680
9216
9984
10496
9984
12288
13824
14080
12544
13568
15616
16896
17920
18176
19712
18944
19456
19712
20224
19968
21248
23296
25344
24320
23808
24320
25856
24576
25600
25856
27904
27904
28416
28928
29440
28416
29440
31488
32000
30976
30976
32256
-32768
31232
31232
-32512
-31488
-30976
-31488
-30208
-31488
-32000
32512
-31232
-32256
-32512
-32512
-30976
-32000
31744
30208
31744
30208
29184
27904
28672
26880
25600
24320
25088
23552
22016
22784
23040
21760
19200
18688
18944
17920
15616
16640
17152
16896
15104
15616
14848
14592
12032
13312
13568
13056
11264
12800
13056
12800
11008
12288
13312
12800
11264
12288
12032
11008
9984
11264
12288
11008
11008
12544
13056
10752
11008
11776
13056
11520
12800
14592
15872
14336
16640
18176
19456
17920
20224
22528
23808
22016
24064
26368
27648
27136
28672
31744
-32512
32000
-32512
-30208
-30208
-30720
-29952
-26624
-26112
-26880
-26368
-22784
-23808
-24576
-24576
-21760
-22784
-23808
-23552
-20736
-22784
-23552
-22272
-19712
-21760
-22528
-20992
-18688
-21504
-22784
-20480
-18688
-20480
-20736
-18176
-16896
-18688
-19968
-17408
-17408
-18944
-20736
-18688
-18432
-19456
-22272
-20992
-21248
-22528
-25344
-25344
-26624
-28160
-32000
-32512
31488
28928
26112
26368
24832
22016
19712
19456
17408
13312
12288
13056
10240
6144
7424
8704
5632
768
3072
4864
1280
-3329
-1
1280
-2049
-6145
-2817
-1025
-3841
-6913
-3585
-1793
-4097
-7169
-5377
-3329
-4097
-6401
-5121
-2305
-2305
-4097
-4097
-1537
-1793
-4097
-4097
-1281
-2561
-4865
-4353
-1537
-3329
-5377
-3585
-1025
-4353
-5121
-1793
-513
-4609
-4353
768
2048
-2049
-1
5888
6656
3072
5632
11520
12032
10496
14336
20224
20992
21248
25344
30208
31744
-32512
-29952
-26112
-24320
-22784
-21760
-19968
-18688
-17408
-17408
-16384
-16640
-17920
-18432
-17920
-20480
-23808
-23552
-22272
-25600
-29696
-27136
-24320
-28672
-31744
-25600
-21248
-26112
-27904
-18176
-11776
-16384
-16896
-5632
769
-2560
-2560
6401
11265
7937
7425
13569
15873
13313
12033
14849
16129
13569
10753
9985
10497
9217
5377
2817
3329
3329
1
-2304
-1536
-2048
-4352
-5376
-5632
-8704
-11008
-10496
-12544
-18688
-21504
-21760
-27648
28416
25344
23552
12288
-769
-5121
-8961
-23809
26367
21503
15871
511
-14338
-20226
-27394
24318
12798
7166
-259
-12035
-20739
-25091
-30211
28413
23293
19965
17149
14077
11773
9725
9213
8445
7677
7933
8701
7421
5885
7421
8445
4349
765
2557
3325
-2820
-6660
-3588
-4868
-14852
-20228
-17156
-19204
-29700
31484
-30980
31484
22012
19452
23292
22524
17660
18172
23036
24828
24316
26620
31228
-30468
-27396
-24068
-20740
-15876
-9988
-5124
-1796
2557
7165
10237
13821
20733
28157
-32259
-27651
-22531
-16643
-9475
-3075
766
5630
14334
22014
24318
28414
-25858
-15362
-11266
-6402
3327
9215
7167
7935
15871
18943
12543
7935
10751
12287
9215
8959
14079
17407
17919
19711
23295
26367
28415
31231
-29185
-22273
-14849
-6401
5376
21760
-25600
-9728
4609
18945
-30975
-15103
514
14082
24834
-31998
-23806
-16382
-9470
515
12547
22531
29955
-26621
-19453
-19709
-23037
-22013
-19965
-23549
-29949
-32765
31235
27395
22787
20483
18947
14851
11267
11523
13571
12291
7427
1795
-2814
-4606
-3838
-510
7171
20739
-28413
-14333
-1533
11012
22532
-32764
-22524
-13308
-6652
-4348
-6396
-9980
-13564
-20732
-32764
19716
9988
1540
-11005
-28157
19203
1795
-16894
28674
12546
1026
-10495
-21759
-27647
-28415
-31743
26369
20737
18177
14849
7169
-3584
-15360
-26880
25600
8448
-10753
-30977
15103
-1282
-13314
-21506
-30210
25342
15358
6654
1790
-5635
-16899
-26115
-29955
-32515
28925
25085
21501
17149
11005
3581
-6404
-16132
-27396
25340
15356
8444
-1541
-16133
-27141
-26373
-17157
-5125
6396
18172
32252
-23812
-17156
-9220
-1540
509
2045
7165
10749
8445
4093
-2052
-11780
-19204
-28164
23804
12028
4092
-3589
-13829
-23301
-31749
26619
28155
-26885
-9733
9212
22268
28156
-26884
-17156
-8964
1021
10493
19197
25085
30717
24317
16381
19965
21757
16893
21501
-32515
-22019
-12291
2814
16126
19454
21246
24062
-30466
-11010
8191
27135
-11521
5120
15872
-31744
-9216
15105
-28159
-5887
770
-6655
-13567
-31487
23041
23041
12033
-7168
-13312
-6912
1537
11521
20481
17153
-6144
-26368
13568
0
-3841
-13569
-17409
-12801
-19457
-22273
4608
-13824
-27135
24322
17411
25859
1539
-25342
14850
-3327
-30719
-13568
7424
6912
-18944
-26879
5890
15874
-14079
8193
19968
14591
-22274
30206
19198
19198
26110
7934
10238
-30209
12546
-4860
24327
23305
-22007
-2296
-4601
-5114
-4091
-26108
8195
11778
-19966
-29180
31238
-1018
15110
-31996
-10750
-24576
22014
8445
19964
26363
-19206
24058
-30983
-7431
21757
-32509
12809
-11763
-21232
-28144
-22514
-3317
-23031
5127
19204
-16127
-24576
-22015
-24316
10759
-32249
-26619
27906
13567
7163
-16137
5622
-13324
-3342
28401
25584
-17681
15090
27386
-16635
14607
-11242
-31205
29724
21018
23
-18157
-29425
27659
17416
12807
29704
-3317
-9202
11023
13836
-19961
-29438
-9221
-27402
25331
-9744
19693
9962
-24345
-15130
-27669
18680
17415
-21230
6427
-481
-32223
-7393
23581
-20199
-30444
-24049
19980
-23798
5899
-6899
27152
16912
30220
-249
23042
16635
24053
22001
-2836
4071
2786
10718
-14628
29154
10737
26881
-9715
-17386
1564
11550
-31715
16412
25
-6125
9487
-10485
-3575
19466
12301
272
-20209
1292
20488
-29181
3838
-18951
1270
-24849
6119
3040
-8742
32216
-6947
10732
17915
-23545
11793
20504
-6629
-4836
-1508
32538
13846
-5103
-18674
27916
-31220
25871
-2286
12307
-23280
-13811
-17655
5893
7169
18684
-3342
27879
5854
13271
30419
8920
-285
-16401
-25095
29954
-6390
10769
5654
6681
7704
26388
-32240
18189
-31990
5386
7693
-8175
-21485
16147
8210
-28401
-21493
-24825
12033
245
-10010
-28198
24016
-28983
-25141
2516
-14628
-3356
-15379
17399
12288
28169
-30449
-25073
-25845
3079
3844
22530
-8446
-18938
-28405
-32498
-13552
25619
30484
11539
-18673
18183
-20489
-7707
30166
-13624
192
-4672
-2361
-9265
-14377
-29472
-21015
9715
26109
-8701
3075
31485
-21769
-26380
-31756
503
-517
-20991
15367
4878
6678
24603
15644
15384
-22005
27639
-15390
-19245
18121
14277
-10040
18383
-9772
30170
-10271
-23063
24563
-26883
-17406
30208
-13319
756
-11791
-22542
18933
6905
2045
-15870
9484
9496
28705
5924
-30690
2062
23798
26849
-11052
-23858
-2610
-6445
-4136
-27683
-22045
-13845
31731
-26373
-14846
22276
5376
-5639
10230
-267
22008
1787
18685
22527
-8190
-27382
-18412
-6885
-30436
-15852
29188
-11536
-10271
16858
-6697
16858
13279
-5662
-12571
-13590
2545
-32010
9724
16128
-28416
-6915
29178
-23304
32504
24825
29690
-4102
17404
-16385
15878
-17907
7954
-24559
-4341
-25855
-523
2542
-19991
20968
14826
16365
26351
13809
-3340
-29959
-25603
-32767
4356
11012
8451
-9727
29440
32255
18943
-32257
-9217
-12032
-17918
16390
-23031
24587
-9718
-24825
15618
-6917
-778
23283
3057
-29712
-2320
-29711
21235
8951
-8198
22782
23809
-18174
15874
-23040
5375
-24835
-21508
-21764
1789
29181
25598
-18433
-23807
-31485
8196
7939
28416
-15876
17401
-20234
26356
-13582
-1039
-20239
4338
28403
4854
-15880
-25605
26110
-14337
-29441
-32002
28669
30204
4348
9724
31740
31229
9471
30209
-7165
-9723
-14586
-3835
-18429
-4096
-27138
4605
12540
-8453
1788
16892
-30724
20221
25342
-20481
23809
-11006
21763
-2558
19202
-4863
-16895
-11519
10242
27906
19715
-11260
-5370
3593
-24566
4619
3338
6152
-5371
30212
-13565
-4349
32516
-7676
3845
6149
21765
-32251
-30715
-31995
25861
6661
-14588
-19708
-14844
-1276
12293
16901
15365
26373
-1787
-6138
-9209
31240
32008
-11001
5895
-21242
-14074
17927
-8441
24328
-31224
26888
18184
16648
11784
8
-19705
20487
1287
-5370
6151
29959
-13049
1288
-1785
-18169
29959
15111
5383
-1018
775
9735
29703
8
-15864
-31223
522
11018
1290
-18167
29705
19209
14857
8201
-2296
-16888
32520
19464
9992
3592
-4089
-16377
25863
-8186
18950
-21499
5381
-32764
1028
-18685
-26877
-25341
-19197
-11517
-9213
-13565
-23549
28419
11011
-10494
32002
7170
-14847
32513
18945
14849
16641
18945
15105
6657
-6912
-24576
20224
-1025
-18945
31743
20479
11263
5119
-1282
-9218
-15874
-19714
-18434
-16130
-13826
-13826
-18690
-28930
22014
8958
-259
-5891
-9475
-10243
-7939
-5123
-2051
254
3838
5118
3582
1534
766
2046
2814
3582
4862
6654
8958
12798
19454
26622
31998
-32002
-32258
-32258
-32258
-29954
-26370
-21250
-18690
-19970
-22018
-22018
-18946
-14594
-8194
-1026
5887
10239
13823
17919
20991
24575
27647
-32513
-24833
-16641
-7169
1536
9728
16128
21248
28160
-27136
-15872
-5376
4353
13057
22273
30721
-26111
-16127
-7679
-1023
3330
6914
10498
13314
16386
19714
22530
24834
28162
-32510
-25342
-18942
-14334
-9982
-5886
259
8195
18179
31235
-21245
-8957
3076
16644
31748
-17916
-2556
11525
22533
30213
-27899
-20731
-13307
-7419
-4091
-2043
-1531
-1787
-1275
-1275
-2043
-5115
-11771
-19707
-26363
-31227
-32763
32261
32261
32005
30213
29445
30469
32517
-29179
-24827
-19451
-13819
-8699
-2811
3846
8966
13574
16390
18438
20998
23046
25350
26374
25350
23046
19206
14342
10246
5638
774
-4603
-11771
-18939
-26875
30981
25093
19461
13317
7941
2053
-3324
-8700
-13820
-18428
-23804
-28668
-32508
28676
24580
20740
16644
12292
7428
2564
-1277
-5629
-9469
-13565
-18429
-22525
-27133
-31229
30723
26627
23299
19203
14851
11267
7683
3331
3
-3582
-7166
-11262
-15870
-19454
-23806
-29182
31234
25346
19714
13826
7938
2818
-2559
-8191
-14591
-19967
-25343
-29695
29953
25601
21761
17665
14593
11265
9729
8193
5889
4609
3841
2817
1281
1
-768
-1024
-2816
-3584
-3584
-4608
-4864
-6656
-7680
-8448
-10496
-12544
-14592
-16128
-17920
-19968
-22272
-22784
-24064
-26368
-27648
-29184
-29696
-32512
30976
30464
28928
27904
26112
26112
25600
24832
23552
23296
23040
21504
20736
19456
19968
19200
17920
18432
18432
19200
17920
17664
18176
18176
16896
15616
16384
15616
15104
13568
14336
14848
12800
12288
11008
11520
9472
7424
6912
5888
5376
2816
3072
2560
2560
768
-257
768
-513
-1025
-3073
-1793
-1281
-3073
-2817
-2305
-513
-2049
-2305
-2049
-1281
-1793
-4097
-2561
-2817
-2561
-4097
-4097
-2305
-3585
-3841
-5377
-3841
-4609
-6145
-6913
-6657
-5121
-7681
-7169
-6913
-5633
-6401
-8193
-6145
-6657
-6401
-8705
-7425
-6145
-6913
-6913
-7425
-4353
-5889
-6145
-6401
-5377
-4353
-7425
-6145
-6145
-4609
-6401
-6913
-4609
-5121
-5121
-7681
-5633
-5889
-7169
-8193
-8705
-6145
-8705
-8705
-9217
-7681
-7937
-10753
-9473
-9985
-8961
-11777
-11521
-9985
-10497
-10753
-12545
-9473
-10753
-11265
-12545
-11777
-9985
-13057
-12545
-12801
-10753
-12033
-13569
-11777
-11777
-11009
-14337
-12801
-12545
-13057
-14081
-15361
-12289
-13825
-14081
-14849
-13313
-12545
-15361
-14593
-15105
-13057
-15873
-16129
-14849
-14593
-14081
-16897
-14337
-14593
-14593
-16129
-16641
-14081
-16129
-16129
-17153
-15105
-15105
-16641
-16129
-15873
-13569
-16897
-16129
-16129
-15105
-15617
-18177
-15105
-15617
-15361
-16897
-16641
-14337
-16385
-16641
-17665
-15105
-16385
-17409
-17409
-15873
-14849
-18177
-16129
-16385
-15105
-16897
-18433
-15361
-16897
-16641
-17921
-16641
-15105
-17153
-16897
-16641
-15105
-17153
-16897
-17409
-15617
-16385
-18433
-15873
-16641
-15617
-17153
-17409
-14593
-17153
-16385
-17409
-16385
-16129
-16897
-17153
-15873
-16129
-16385
-15361
-17153
-15105
-16129
-17153
-15105
-17409
-14849
-16641
-17153
-14337
-16129
-15105
-16641
-15873
-14593
-15873
-17409
-15105
-15873
-15361
-15617
-16897
-13313
-15617
-16385
-14081
-16385
-13313
-16897
-15873
-13313
-15361
-15617
-15105
-14849
-12801
-15873
-16129
-12801
-15105
-15105
-14849
-15617
-12033
-16897
-14849
-12289
-15617
-13313
-15617
-13569
-12545
-16385
-14081
-13057
-15105
-12801
-15361
-13825
-12289
-15617
-12801
-13057
-15361
-11265
-15873
-12289
-12801
-15617
-12033
-13825
-13569
-11777
-15617
-11521
-13057
-14849
-11521
-13825
-13569
-11777
-15105
-10241
-14081
-14593
-9729
-14081
-12033
-13057
-13825
-9985
-14593
-13569
-9985
-14593
-11521
-13057
-12545
-10241
-14849
-12545
-9729
-14849
-10497
-14337
-12033
-9985
-14849
-11265
-11009
-13825
-9473
-14849
-11265
-10753
-15105
-11009
-11521
-13313
-10241
-15105
-9729
-10497
-15361
-9985
-12801
-12033
-11009
-14849
-8961
-12033
-14337
-8705
-13057
-11009
-12033
-13569
-8705
-12801
-13825
-8961
-13825
-9729
-12289
-12801
-8961
-13313
-12033
-9217
-14081
-9217
-13057
-11777
-8705
-13569
-11265
-9985
-13057
-8705
-13569
-11521
-8961
-13569
-9729
-10241
-12033
-8705
-13313
-9217
-8961
-14337
-8705
-11009
-10497
-9473
-13313
-8193
-9473
-13313
-7937
-11777
-9729
-10497
-12289
-7681
-10753
-12289
-7937
-11521
-8449
-10753
-11777
-7937
-10497
-11265
-8449
-11777
-7937
-10497
-11009
-7681
-11009
-10241
-8705
-11265
-7681
-11265
-10497
-6657
-11265
-8961
-9217
-10241
-7425
-11521
-8961
-7425
-12033
-7425
-9473
-8705
-8193
-11265
-7425
-8193
-11009
-7681
-9985
-7937
-8705
-9985
-7425
-8449
-9473
-7425
-9473
-8193
-8705
-9473
-7681
-8193
-9217
-7169
-8961
-7425
-7681
-9729
-6913
-8705
-8961
-6913
-9217
-6913
-8449
-8705
-5121
-9473
-7681
-7681
-8193
-6657
-9729
-7425
-5889
-8961
-6401
-8193
-6401
-7169
-8961
-6657
-6913
-7937
-7425
-7937
-5889
-7169
-7425
-7425
-6401
-6913
-7681
-7425
-7169
-6145
-7425
-7425
-5889
-7169
-5889
-7425
-7169
-5633
-8193
-6145
-7169
-6913
-5121
-7681
-5889
-6401
-6913
-4865
-8449
-6145
-6401
-6657
-5633
-7937
-5377
-5633
-6913
-5889
-7169
-5121
-6913
-6913
-5633
-6401
-5377
-6913
-5889
-5121
-6657
-5633
-7169
-5377
-5889
-6913
-5121
-6401
-4865
-5889
-6657
-4609
-6657
-5633
-6657
-6401
-4609
-7169
-4865
-5889
-5889
-4865
-6913
-4865
-6401
-6401
-4865
-6913
-4609
-6401
-5377
-4353
-6657
-4865
-6401
-5377
-5377
-7425
-4865
-5889
-4865
-5633
-6401
-3585
-5633
-5377
-6401
-6145
-4097
-7169
-5633
-5377
-4865
-3841
-7169
-4353
-4609
-5633
-5633
-7169
-3841
-5121
-5889
-4865
-4865
-2561
-5889
-5889
-4097
-5121
-4353
-7425
-4865
-3329
-5377
-4609
-6145
-3073
-3585
-6913
-4865
-5121
-3585
-5377
-6913
-3329
-3841
-3841
-6145
-5121
-2305
-5121
-5633
-6401
-3585
-2817
-6913
-4865
-3841
-2817
-4353
-7425
-3073
-3329
-5377
-5889
-5377
-1793
-4609
-6145
-4353
-3329
-3073
-6657
-5121
-3329
-4097
-4865
-6145
-2305
-3329
-5377
-4097
-4609
-2817
-5121
-5889
-2817
-4353
-4097
-4609
-3841
-2817
-5121
-4353
-3841
-4097
-4865
-5121
-2817
-4353
-4353
-4097
-3329
-2561
-6145
-4353
-2817
-4353
-4353
-5889
-2561
-1793
-5377
-4353
-3073
-2305
-4353
-6401
-3585
-2305
-3841
-6145
-3841
-1281
-3073
-4865
-5633
-2049
-1793
-6657
-5377
-3329
-1537
-3329
-6913
-2817
-257
-3329
-6145
-5633
-1281
-2049
-6657
-6401
-1025
-257
-5377
-6401
-2305
256
-4097
-8961
-3073
0
-3585
-7169
-5121
1536
-1025
-8193
-5377
-1
-1025
-6913
-7681
-769
512
-5889
-7169
-769
512
-4353
-7425
-3585
768
-4097
-7937
-2817
-257
-2049
-5889
-4865
0
-2305
-6401
-4353
-2049
-2305
-4609
-4865
-1537
-1537
-4609
-3841
-2561
-3585
-3585
-4353
-3585
-2305
-4609
-3073
-1793
-4097
-3329
-3329
-3329
-2817
-5121
-3841
-1537
-3585
-4097
-2817
-2561
-2049
-4353
-5377
-1793
-2817
-4609
-3841
-3585
-1281
-2305
-5889
-3073
-1537
-3329
-4353
-5377
-2305
-257
-5377
-5377
-1281
-1025
-2817
-6401
-4353
768
-3329
-7681
-3585
-257
-769
-5377
-6401
1024
256
-7425
-6145
-1537
256
-4097
-8449
-1025
2816
-4609
-6913
-2817
256
-1537
-8705
-5121
2560
-2305
-6657
-4097
-513
512
-5889
-7169
512
-769
-5889
-4609
-3073
256
-2561
-7169
-769
-1
-4097
-3841
-4353
-2305
-1025
-6145
-3329
-1
-3585
-1793
-3329
-4097
-513
-4609
-4609
-1281
-3841
-2049
-1537
-4865
-1281
-2049
-4865
-1281
-4353
-3073
-513
-5377
-2561
-1537
-4609
-1281
-2561
-4353
-1
-3841
-4097
-769
-5633
-2305
-1025
-4865
-513
-2561
-3841
-257
-5121
-4609
-1
-4353
-2561
-1281
-4353
768
-3585
-6657
0
-3329
-3841
-1793
-4609
0
-769
-7681
-769
-769
-4609
-1281
-5377
-1281
768
-7937
-2817
-1
-4097
-1281
-3585
-3329
2048
-5633
-5633
512
-5121
-1793
-2305
-5121
2304
-2817
-5889
0
-4353
-3841
-769
-6145
-1
0
-6401
256
-3329
-4865
512
-5633
-2561
512
-5633
-1281
-1537
-6401
512
-2817
-5377
1792
-4865
-2305
-257
-7425
-513
-1537
-6145
768
-2049
-3841
1280
-6145
-3329
512
-7681
-513
-769
-5121
1792
-4097
-4353
768
-5889
-3073
512
-5889
-1
-1025
-6657
1280
-4609
-4609
1792
-5633
-1537
256
-6145
-513
-2049
-6657
1280
-3329
-4353
2560
-5377
-1793
-513
-7425
0
-2049
-5633
1792
-2561
-3841
1024
-6145
-2305
0
-7425
768
-1025
-5121
1536
-4609
-3585
512
-6145
-1793
768
-5889
0
-1537
-5633
1280
-5121
-3073
2304
-5377
-1025
-1
-5633
-257
-2561
-5377
2048
-3073
-3073
2048
-5377
-1025
-769
-6401
768
-2049
-4097
1792
-3073
-3073
768
-5377
-1281
-1
-5633
1536
-1793
-4097
1536
-4097
-2561
512
-4353
-257
0
-4865
512
-1793
-4865
1280
-3585
-1281
1280
-4353
0
-257
-4865
-257
-1793
-3329
1536
-2817
-1537
1536
-4609
-769
-513
-4097
512
-2049
-2305
1536
-2817
-2305
768
-3585
-513
-257
-3329
1536
-2049
-3073
1024
-2817
-1281
0
-2561
512
-1
-3585
512
-1281
-2817
512
-2305
-1
768
-3073
0
-257
-2817
-1
-1281
-1537
1024
-2049
-769
768
-2817
-1
-513
-2049
768
-1025
-1025
512
-1793
-769
256
-2049
0
0
-1537
512
-1281
-1025
512
-1793
-513
256
-769
0
-513
-1281
768
-1025
-1537
512
-769
-1
-1
-1281
512
-257
-1537
0
-1
-513
0
-769
0
256
-1537
0
0
-513
0
-513
-1
256
-1025
-257
256
-513
0
0
-257
256
-769
-257
256
-513
-1
0
-1
0
-257
-257
512
-1
-513
256
-1
0
-1
-257
256
0
-257
256
0
-1
0
-257
0
0
-513
0
0
-1
256
-1
0
0
-257
0
0
-1
0
0
-1
0
-1
0
0
-257
0
256
0
-1
-1
256
0
-257
-1
512
0
-257
-1
512
256
-1
-257
256
512
-257
-257
256
512
0
-257
256
768
-1
-257
-1
256
0
-513
0
512
256
0
0
512
256
-257
-1
0
0
-1
-257
512
512
256
256
0
512
0
-513
-1
-1
0
0
-1
768
512
256
256
-1
0
-1
-769
-1
-1
0
256
0
1024
512
-1
0
-1
-1
-257
-513
256
256
256
512
512
1024
0
-257
0
-257
-257
-513
-1
768
256
256
768
512
512
-513
-257
256
-513
-257
-1
512
1024
-1
256
1024
0
-1
-513
-1
512
-769
-257
512
512
512
-257
512
1024
-513
-257
-1
256
256
-1025
0
1024
256
0
-1
768
768
-769
-1
256
256
-257
-1025
512
768
-257
0
256
1024
256
-1025
256
256
-257
-513
-769
1024
512
-513
768
768
768
0
-1025
512
-1
-1025
-257
-1
1024
512
-1
1280
768
0
-513
-1025
0
-513
-1025
0
512
1280
512
256
1536
256
-513
-1025
-769
0
-769
-513
1024
1280
1280
256
256
1280
-769
-1537
-769
-513
256
-513
0
2304
1024
768
0
0
512
-1793
-1537
0
-1
256
0
1024
2304
256
-1
0
-1
-257
-2049
-513
768
0
256
512
1792
1280
-769
-1
256
-257
-769
-1281
256
1024
-257
512
1024
1024
512
-1281
256
256
-1025
-513
-513
1024
512
-513
768
1024
512
-1
-513
512
256
-1281
-257
0
512
256
-513
1280
1024
0
-1
-257
512
-257
-1025
-257
256
256
0
0
1536
1024
-257
0
-257
256
-769
-1537
512
0
512
0
512
2048
0
-257
-257
-1
-513
-1281
-769
1024
768
0
1024
1024
1536
-257
-1025
256
-769
-769
-1281
256
1536
512
512
1024
1536
0
-1025
-1025
-1
-769
-1281
0
768
1792
0
768
1536
0
-257
-1793
-1
-257
-1025
-1
512
1792
768
512
512
1024
-513
-1281
-513
-513
256
-1025
512
1280
1024
768
-257
1024
-1
-769
-1281
-257
256
-513
0
512
2048
256
0
256
256
0
-1793
-257
-1
256
-1
-1
1792
768
512
-257
512
256
-1025
-1025
-513
768
-513
0
512
1536
1024
-513
768
-1
-1
-1281
-1025
512
-1
256
-1
1792
1024
0
-1
-1
512
-1537
-769
-513
768
256
-257
1536
1024
1280
-769
-1
256
-513
-1025
-1281
1024
256
256
256
1280
1792
-513
-1
-513
256
-1281
-1281
256
512
1024
-513
1536
1536
256
-513
-769
512
-1025
-1025
-769
1024
1024
-1
1024
1024
1536
-1025
-513
0
-513
-257
-1281
768
768
512
256
768
1280
-257
-257
-1281
256
-513
-769
256
256
1792
0
256
768
768
-257
-1281
-257
-513
256
-1281
256
1792
512
512
-257
1280
256
-1281
-1281
256
512
-1281
-1
512
2560
0
-1025
1792
512
-769
-2049
-257
1024
-257
-1281
1280
2816
-257
-1
-1
1536
0
-3073
256
768
-257
-769
0
2048
1536
-769
-1
2048
-1025
-769
-769
-1
1536
-1537
256
1792
256
256
256
-1
512
-257
-1793
512
-769
0
1536
-769
1536
1280
-257
256
-769
-1
1024
-1793
-1025
2304
-257
256
256
512
3328
-1793
-2049
2048
-257
-1537
-769
0
3328
-257
-2817
3584
1536
-1537
-513
-769
2816
-1025
-4353
2304
2560
-1281
-1
512
2560
768
-4609
1024
2816
-2817
-769
-1
1536
1792
-3073
768
4096
-1537
-1025
256
-513
1280
-2561
-769
4096
-1025
-1
1792
-769
1536
-513
-1793
2304
-1281
-1281
2304
-2049
512
2048
-1025
2048
-513
-1025
2816
-2817
-1537
2816
-1025
0
0
-257
4096
-1537
-2561
4352
-1
-2049
-769
-769
3328
-1025
-3841
4608
2304
-2305
-1
-1
2560
-257
-5377
3328
2816
-3585
-257
768
2816
1280
-4609
2048
4096
-4097
-1537
768
512
1792
-3585
768
5120
-2817
-769
1792
-1
1024
-2561
-1281
4096
-2305
-1281
2816
-257
1536
0
-1537
2560
-1537
-1537
2560
-1793
-257
1792
-1025
1536
-1
-769
3328
-1537
-1793
2304
-1281
-769
0
-1
3328
-1025
-2561
4096
768
-2561
-1
-257
2560
-1025
-4097
3584
2048
-2305
512
1024
2048
-513
-4353
2560
2816
-4353
-513
1536
2304
512
-3841
2048
3840
-2817
-1537
1024
256
-1
-2561
768
4096
-2305
-513
2816
512
-1
-2561
0
2560
-1537
-2049
1792
256
256
768
-1
1792
-1025
-1025
2048
-1537
-1537
256
768
1024
-1
-513
2048
256
-1537
1536
-513
-1281
-257
0
2304
-1025
-1793
3072
2560
-1025
-1537
0
1280
-1
-3329
1536
1536
-1281
256
1280
2048
-1025
-2049
2048
2048
-2817
-3073
1536
2304
256
-2305
1024
3584
-769
-769
0
768
-1281
-1281
1024
1792
-1281
-1537
3072
2560
-257
-2049
-257
2560
-1281
-1793
-257
1024
256
256
1280
256
-1
-769
2304
0
-2305
-1281
512
2048
-513
-513
1024
1280
512
-1
512
-1537
-513
-1
1536
-513
-2305
1280
2560
1536
-1793
-513
1536
256
-1025
-1537
768
-513
-1
1536
1536
256
-2049
1792
1792
-257
-3585
-769
2560
256
-1281
-1025
2560
1536
-257
512
0
-1
-2049
768
1024
-769
-1793
512
3840
256
-1025
-1025
2048
1024
-2049
-1025
-513
768
-1
768
1280
-513
256
512
2304
-1537
-1793
-513
1280
768
-1537
0
768
1792
512
-1
0
-1281
512
0
0
-1537
-769
2048
1280
512
-1537
1280
1024
0
-769
-769
0
-1025
768
768
256
-257
-1
3072
0
-1025
-2049
1024
1280
-1281
-769
-1
2048
0
512
512
0
-257
-513
1536
-769
-1281
-769
1280
2304
-1281
-1
256
2304
-1
-1281
-1
-257
256
-769
768
-1
0
768
1024
1280
-1537
-1
-1
768
-257
-1793
768
0
1536
-1
256
0
0
768
-513
-257
-1281
256
512
0
256
-513
1792
-1
512
-257
-769
0
-769
1024
-513
-1
0
1024
1280
-513
-1
-257
1024
-513
-513
0
-1
1280
-769
1536
-1
0
0
-1
1024
-1281
-257
0
1024
0
-769
512
256
1024
-1025
0
-1
0
256
-769
1280
-513
256
0
256
768
-1025
512
0
512
-257
-257
512
256
768
-1025
768
-1
512
0
-513
1024
-769
768
-257
256
256
-769
512
-1
768
-257
0
256
256
256
-1025
512
-257
768
-513
-1
1024
-257
768
-769
768
0
-513
256
-257
768
-513
256
256
768
0
-513
512
-257
768
-1281
256
512
-1
768
-513
1280
-1
-1
0
-1
512
-769
256
0
768
-257
0
512
-1
512
-1281
768
0
-1
256
-513
1280
-257
0
-1
256
256
-513
256
0
768
-257
256
256
0
256
-1025
768
-1
256
-1
-1
1280
-257
256
-1
256
0
-513
0
0
768
-257
512
256
512
-1
-769
768
-513
0
-513
256
1024
-1
512
0
768
-1
-513
-257
0
0
-513
512
256
1024
-1
0
768
-513
-1
-1025
0
256
-1
512
256
1024
0
0
-1
0
-257
-769
0
-1
768
-1
768
768
0
256
-769
256
-257
-513
-1
0
768
0
256
512
768
-1
-257
-1
-1
0
-513
512
256
256
256
0
768
-1
-1
-257
0
0
-257
0
256
512
-1
256
0
256
0
-513
256
0
0
-257
0
512
0
0
0
512
256
-1
-1
256
0
-257
-1
-1
256
-1
0
768
512
256
-1
0
-1
-257
-513
-1
256
256
256
512
1024
256
-1
-1
-257
-1
-769
-257
256
512
512
512
1024
512
0
-513
-257
-257
-513
-257
0
1024
768
768
768
512
0
-769
-513
-513
-257
-257
0
1024
1024
1024
256
512
-1
-513
-769
-513
-1
-257
256
512
1024
768
256
256
-1
-257
-1025
-513
-1
0
256
256
1024
512
256
-1
-1
-1
-769
-257
-257
512
256
512
768
512
512
-1
0
-1
-1
-257
-1
256
0
256
0
512
256
-1
0
-1
0
-257
-257
-1
0
0
-1
256
0
256
-1
0
0
-1
-1
-257
256
-1
0
256
512
1024
256
512
0
256
-1
-257
0
-1
256
0
512
768
512
256
0
0
-513
-513
-513
-1
0
0
256
512
768
0
-1
-257
-513
-513
-769
-1
-1
256
512
768
1024
256
256
-1
0
-257
-257
0
256
1024
768
768
768
512
256
-257
-1
-513
-257
-1
0
256
256
256
256
256
-1
-513
-769
-513
-513
-513
-1
0
512
256
256
256
0
0
-257
0
-1
-1
256
512
1024
512
768
768
512
512
-1
0
0
0
0
0
256
256
256
256
0
-1
-257
-257
-257
-513
-513
-257
-1
0
-1
0
-1
0
-1
-257
-1
-257
-1
0
0
512
512
768
512
768
512
0
256
0
256
0
256
512
512
768
512
256
256
-1
-1
-513
-513
-513
-257
-1
-1
0
0
0
-1
-257
-513
-513
-769
-257
-257
0
256
512
768
512
512
0
0
256
-1
0
0
512
768
768
1024
768
768
256
0
-1
-257
-257
-1
256
256
-1
256
256
256
-1
-769
-769
-513
-257
-769
-513
-1
0
512
512
256
-1
-1
0
-1
-257
-513
-1
1024
1024
512
512
1024
1280
512
0
-257
-257
256
0
256
0
512
768
768
768
-513
-769
-1
-1
-513
-1537
-769
256
1024
512
-513
0
512
0
-513
-1281
-769
-513
512
768
0
256
768
1536
1280
-257
-1025
-513
1024
256
-769
-257
768
2048
1536
256
-1
-1
512
-257
-1025
-1025
-1281
512
1536
768
-257
-257
1280
768
-513
-2305
-2049
256
512
-257
-1025
256
2048
1280
768
-257
-1025
0
0
-1
-1281
-1025
512
2304
2816
0
-513
1024
1536
0
-2561
-2049
-1
1280
1024
-513
0
1536
1536
1024
-513
-1537
-1793
-1
768
-1281
-1537
0
2304
3072
256
-1281
-513
1536
256
-2561
-2305
-513
1536
2048
768
256
256
1792
1280
-257
-1537
-2817
-257
1792
512
-1281
-513
2816
3328
768
-1281
-2049
512
768
-1537
-2561
-1025
1536
2048
2048
768
-769
512
1280
-1
-2305
-3585
-769
1792
2304
-257
-1281
2304
3584
1280
-1537
-2561
-513
0
0
-1793
-1281
1280
2560
3072
1280
-769
-1281
256
1024
-2049
-3585
-1281
1792
3328
1024
-1025
512
2816
1792
-1793
-2817
-1537
-513
768
0
-513
256
2048
3584
1280
-769
-2561
-1025
1280
-769
-2817
-2049
2048
3840
1792
256
-513
1024
1280
-1025
-2561
-2561
-769
768
1792
1024
-257
768
3328
2048
-769
-3073
-2305
512
256
-1281
-2049
1280
3840
2304
1024
-769
-257
-1
-513
-1537
-3073
-513
256
2560
2304
256
256
1280
2304
-769
-3073
-2561
-769
512
-1
-257
512
3072
2560
1024
-1
-1025
-1537
-1537
-513
-1793
-769
512
2560
3328
1024
512
-257
1024
-769
-3073
-2305
-1281
1024
0
1536
1536
2048
2560
256
-1
-2049
-1793
-2049
-769
-257
-513
1792
2816
3328
768
256
-257
-769
-1281
-3329
-1537
-513
1536
1024
1536
2560
1280
2048
-513
-1025
-2561
-2049
-769
-1281
768
0
2560
2560
2560
768
-1281
-257
-1793
-1025
-2561
-1537
256
1792
3072
1024
2048
512
768
-513
-1793
-2049
-2817
0
0
1536
768
1280
2816
1792
1280
-2561
-1281
-1537
-769
-1025
-1537
1024
1024
3584
1792
1024
0
-769
0
-2049
-1281
-2817
-257
1280
1536
2048
512
2560
768
1024
-1281
-2305
-1537
-1793
256
-513
1280
768
2304
3072
768
256
-2305
-769
-1793
-1025
-1281
-1281
1536
1536
3584
1024
768
0
-257
-1
-2817
-1793
-2305
512
1024
1536
2048
768
2560
512
256
-2305
-2561
-1537
-1281
768
-513
1792
1792
3072
2048
-1
-1
-2561
-769
-2049
-513
-769
-257
2048
1792
3328
256
512
-257
-513
-769
-2817
-1025
-1537
1536
1280
1792
1792
512
2048
-257
-257
-2817
-1793
-513
-1
1280
-1
2048
1024
2048
512
-513
-513
-1793
0
-1281
-1
-513
256
2048
1024
2048
-257
512
-513
-513
-769
-2049
-257
-513
2048
1024
1280
768
256
1024
-1025
-1
-1793
-257
-1
0
768
-513
1280
256
1792
256
-257
-1
-1025
256
-1793
-1
-513
1024
1536
768
1792
-513
512
-1025
-1
-769
-1025
512
-1
1792
-1
512
0
256
768
-769
512
-1281
0
-513
-1
256
-513
1536
512
2048
-1
-257
-513
-1025
256
-1537
512
0
1536
1024
0
512
-1025
512
-769
256
-1
-257
512
-513
1024
-513
768
0
768
1024
-769
256
-1537
0
-769
0
768
256
1792
-257
768
-1025
-513
-513
-257
1280
-257
1024
-257
768
-1
-769
256
-513
1536
-257
512
-257
-257
0
-1025
1280
-1
1280
0
256
256
-1281
0
-1025
1024
0
768
768
-1
768
-1281
256
-513
512
512
0
1280
-769
256
-1025
256
0
0
1280
-1
1280
-769
-257
-769
-1
768
-257
1536
-1
768
-769
-513
0
-513
1024
-257
1536
0
-1
-257
-769
768
-769
1024
256
1024
0
-769
256
-1025
256
-513
1024
1024
0
256
-1025
512
-1025
0
256
768
1024
-513
768
-769
-1
-769
0
1280
0
1024
-257
512
-769
-513
0
0
1280
-1
1280
-1
-257
-513
-513
768
-257
1280
512
512
-257
-769
256
-769
512
0
1536
512
-257
0
-769
0
-1025
512
1024
768
256
-513
768
-1025
-513
-1
1024
1024
-257
768
-1
-1
-1537
-1
1024
256
512
-1
1280
-513
-1281
-257
512
768
-513
1024
768
0
-1281
-769
768
-257
0
256
1792
0
-1281
-257
0
256
-1025
1024
1536
256
-769
-513
768
-769
-513
256
1792
512
-769
256
0
-257
-1537
512
1792
256
-1
0
1024
-1025
-1281
256
1280
512
-513
1024
768
-769
-1537
0
1280
-1
-1
1024
1536
-769
-1537
256
768
-1
-513
1536
1536
-513
-1281
0
768
-1025
-257
1536
1792
-513
-1281
512
256
-1025
-769
1536
1792
-513
-769
512
512
-1537
-1025
1536
1536
-257
-513
1280
512
-1537
-1281
1280
1536
-513
-1
1536
768
-1793
-1281
1024
1024
-513
-1
1792
768
-1537
-1281
1024
768
-1025
0
2048
1024
-1281
-1025
1024
256
-1025
-1
2048
1024
-1281
-513
768
0
-1537
-1
2048
1024
-769
-257
1024
-1
-1537
-1
1792
768
-769
0
1280
-257
-1793
-1
1536
512
-769
512
1536
-257
-1793
-1
1536
256
-769
768
1792
-257
-1793
-1
1280
-1
-1025
768
2048
-1
-1537
-1
1024
-257
-1025
768
2048
-1
-1537
0
1024
-513
-1281
768
2048
0
-1025
256
1024
-513
-1537
512
1792
0
-769
512
1024
-513
-1537
256
1536
0
-513
512
1024
-513
-1281
256
1024
0
-513
512
1024
-257
-1025
0
512
-1
-1
768
768
-257
-513
0
256
-257
-1
768
768
-1
-1
256
-1
-513
-1
1024
512
-257
-1
512
0
-769
-1
768
256
-257
0
768
-1
-1025
-1
1024
512
-513
0
1024
0
-1025
-257
1024
256
-513
0
1280
256
-1025
-513
768
512
-513
-1
1024
512
-769
-257
768
512
-513
-257
1024
768
-513
-513
512
512
-257
-257
512
768
-1
-257
256
512
-1
-513
256
768
256
-257
-1
256
0
-257
-1
256
256
-1
-1
256
256
-1
-257
0
512
0
-257
-1
256
256
-1
-1
256
256
-1
-1
256
256
-257
-257
512
768
-1
-513
0
512
0
-513
0
768
256
-257
0
768
0
-769
-257
768
512
-513
-257
512
768
-257
-513
512
768
-257
-513
512
768
-1
-769
256
1024
0
-769
0
768
256
-513
-257
768
512
-513
-1
768
512
-513
-513
512
768
-257
-513
256
768
0
-513
0
768
-1
-513
-1
768
256
-769
-1
768
512
-257
-257
256
768
-1
-513
512
512
-1
-1
256
768
-1
-513
256
768
0
-257
-1
768
512
-257
0
512
0
-1
-1
256
256
-257
-257
768
256
-257
-257
0
512
-257
-513
512
512
-1
-257
256
768
0
-769
256
768
0
-257
-1
1024
512
-513
0
1024
256
-513
-257
768
1024
-769
-513
768
768
0
-1025
0
1280
-1
-1025
0
768
0
-769
-513
1280
512
-1281
-257
768
768
-257
-1025
768
1280
-257
-769
256
1024
512
-1025
-1
1536
0
-513
-1
768
1024
-513
-513
1024
768
-513
-257
0
1024
0
-1281
256
768
-1
-513
-257
512
512
-769
-257
768
0
-1
-257
0
768
-513
-1
512
256
0
-1
0
768
0
-257
512
0
0
256
-1
512
0
-1
256
256
-1
-1
0
256
0
-1025
512
512
-513
0
-1
256
0
-513
-1
768
-1
-513
0
256
768
-1025
-257
1280
0
-1
-513
256
1280
0
-1281
512
1792
-1
-513
-1
1536
256
-1025
256
768
512
-257
-769
512
1792
-1025
-1537
1280
768
-1
-1281
-1
1536
0
-1025
-769
1024
1024
-1025
-1281
1792
1024
-1537
0
512
768
0
-769
0
1280
1024
-1281
-257
1792
1280
-1537
-513
2048
0
-1
-513
-1
1536
0
-1281
0
1792
-513
-1025
0
768
-1
-769
512
-769
1024
768
-2049
0
1792
-1
-1793
1024
768
-257
0
0
0
0
1280
-769
-257
1536
-1
-257
256
768
-513
1280
-1
-1281
2048
256
-1281
-257
2048
-1
-1537
1280
0
-513
768
256
-2305
1536
2304
-2817
-257
1536
1024
-1793
-1
1024
-257
1280
-1281
-513
1792
1024
-2305
-257
3584
-769
-769
512
256
256
1280
-1281
-2049
4352
512
-3585
-257
4096
-1
-3841
2304
512
-1
512
-1281
-257
2048
1024
-3841
768
3072
-513
-2049
256
1536
-257
1024
-2817
0
4096
-769
-3585
1024
5120
-3329
-1793
2816
-257
0
256
-257
-1537
3584
512
-4353
1536
3584
-1281
-3073
2816
256
-1
512
-2049
1280
1792
-1
-3585
2304
3072
-3585
256
1280
-257
-1
1792
-2049
-1281
4864
-1025
-3841
1792
4096
-3329
-1281
3328
-1281
256
256
-513
-769
2816
512
-4353
2560
1792
-1281
-769
512
256
768
1280
-3841
1024
4096
-1281
-3841
2816
3072
-4097
1024
1024
-769
512
1024
-1537
-1793
5632
-1281
-4353
2560
3072
-1537
-2049
2048
-1
1280
-1
-2561
1024
2816
-769
-3841
3328
1024
-1793
512
-257
256
768
1024
-4097
1280
5632
-4097
-3329
3584
3584
-3841
-1025
2048
-1
1024
-513
-1537
0
3840
-2049
-3073
3840
512
-1281
-1025
1536
768
-1
-513
-2305
3840
1792
-3841
-1281
3840
1024
-3329
1536
256
-769
1536
768
-2561
256
3840
-2561
-1281
2560
768
-2049
-513
2816
-257
-1
-513
-1281
2560
1280
-2305
-1281
2560
768
-513
-1
-769
768
1792
-513
-2305
2048
1792
-3073
0
3328
-769
-2817
1792
1792
-1281
256
0
-1025
1280
1536
-769
-1793
768
2048
-257
-257
-769
0
2304
-257
-1281
768
768
-769
512
768
-513
256
-257
-1
1024
2048
-2049
-3585
4096
3328
-3329
-3585
3072
2560
-1793
-513
-1
1536
-257
-513
768
0
512
-1793
768
1792
0
-1537
-1281
2048
1536
256
-4097
256
4096
-513
-1537
-1025
2048
-257
-1
1536
-1281
-257
512
1536
-1537
512
1024
-2305
768
1280
1792
-2817
-2049
3328
2048
-769
-3585
1792
2048
0
-1025
-769
1792
-1281
1280
0
-513
768
-1025
512
768
2048
-2305
-2305
2816
2560
-769
-4097
2560
1792
-1025
0
-257
768
-1793
1536
1792
-1281
-1793
256
3328
-1281
-257
-257
0
768
-513
1792
-1793
-769
1024
768
768
-1025
-1
-1025
2560
1280
-2049
-1537
512
4096
-1793
-1793
1280
512
-1
-769
2304
-513
-1793
0
2304
768
-2817
512
0
1280
1024
-1025
-257
-769
2816
512
-2049
-1025
1280
1536
-1281
512
-257
0
256
0
1280
-1793
0
-1
256
1280
-1
-1025
-1281
3072
1536
-1793
-2305
1280
3584
-2305
-1537
768
1280
-257
-769
2048
0
-1025
-513
1536
768
-1537
-513
-513
2048
768
-1025
-513
256
2560
-513
-1281
0
768
-257
-513
1280
-257
-257
0
1536
512
-1793
512
256
-1
-1
0
-1
-769
1024
1024
0
-1025
256
1280
-513
-257
-513
0
256
0
512
-1
512
256
0
-257
256
0
-1025
256
512
256
-513
-1
1536
0
-1
-1
0
-257
-1
256
-257
0
256
768
0
-1
768
0
-513
-257
256
0
-769
0
768
768
-1
0
256
256
256
-769
-257
0
256
-1
-1
768
512
-1
-1
768
256
-1025
-513
256
512
-257
-257
512
768
512
0
-1
0
0
-1
-257
-257
0
256
256
512
512
0
0
0
256
-257
-769
-1
256
256
256
0
0
768
512
-1
-513
-257
256
0
-257
-1
256
512
512
256
0
0
-1
0
-1
-257
-1
0
256
768
256
0
0
256
512
-257
-769
-1
512
256
-1
-1
768
1024
0
-1
-1
0
0
-513
-257
256
256
0
256
512
768
-1
-513
256
256
-513
-513
0
1024
256
-513
256
1024
256
-1
-769
-1
512
-1
-513
0
768
768
-1
-1
1024
256
-769
-257
0
256
-257
-257
768
768
-1
0
0
256
256
-769
-513
256
256
0
-513
0
1536
256
-769
0
256
256
-1
-769
0
256
0
512
-257
0
1024
-1
-513
256
0
-1
-513
0
1280
-1
-769
768
768
256
-513
-769
768
768
-513
-769
-257
1280
1536
-1281
-1025
1536
1024
-513
-1281
0
1536
-513
-1025
1024
512
-1
-1
0
1280
0
-1793
-1
1024
1024
-513
-2305
1024
3328
-513
-2305
-1
2048
1280
-2305
-1281
2048
512
-513
-1
0
768
0
-513
768
256
-513
-257
-1
1792
768
-2561
-513
2560
1280
-1025
-2305
768
3072
-513
-1793
0
512
1280
256
-1025
0
256
512
512
-1025
0
512
-769
768
1024
-1025
-513
256
1536
768
-2305
-769
1536
512
256
-769
-1281
1536
1792
-1
-1537
-1281
2048
2048
-2049
-1025
1024
768
512
-513
-257
512
-257
256
1024
-513
-1
-257
-1
2048
256
-2305
-513
1792
2560
-1281
-3841
1024
3840
-257
-2049
-1025
1792
2048
-1281
-1281
768
256
512
-1
-257
1024
-513
-1025
1536
1536
-769
-2049
-257
3840
768
-3841
-1281
3072
2048
-769
-2817
768
2816
0
-1281
-513
0
1536
-1
-769
768
0
-513
256
768
768
-1281
-1537
2560
1536
-1537
-1793
512
2048
1024
-2305
-1
1024
1024
256
-769
-1281
1280
512
256
-257
-257
256
768
-1
512
-1025
-769
1536
768
-257
-769
-1
768
768
-513
256
-513
256
1024
512
-1537
-257
0
2304
-1
-1025
-257
1536
512
0
-1793
0
1280
512
-513
-1
256
768
-257
-257
1280
-257
-769
256
1536
-257
-1281
-1281
2816
1024
-769
-1537
1280
1280
512
-2561
-1
1024
1280
-769
-1
512
1536
-1025
-257
768
256
-1025
-257
1280
1024
-1025
-1793
1536
1280
0
-1793
256
1280
1280
-2305
-257
0
1536
-513
0
0
1536
-1025
-1
0
768
-1025
-257
768
1536
-769
-1025
512
1280
256
-1281
0
1024
1024
-1281
-1
-257
1024
-513
512
0
1280
-1025
256
-1
768
-1537
-1
512
2048
-769
-513
256
1536
-257
-769
-1
1024
256
-513
0
0
512
-513
512
512
1024
-1281
256
0
1024
-2049
-1
512
2304
-1025
-1
0
1536
-769
-513
-513
1280
0
-1
-1
768
256
-513
0
1024
768
-1025
0
512
768
-1793
-1
256
1792
-513
256
-257
1536
-513
-257
-1025
1280
0
0
-513
1536
0
-513
-257
1536
0
-1025
-1
1024
256
-1025
-257
0
1280
0
0
-257
1536
-1
-513
-1025
1536
-257
-1
-1
2048
-513
-257
-1
1280
-513
-257
-1
768
0
0
-769
-1
1280
512
-513
-1
1536
-257
-1025
-1
1280
-1025
-1
768
1536
-769
256
0
512
-513
256
-1025
256
768
512
-1281
256
1536
0
-1025
768
1024
-1025
-513
768
0
-1025
512
768
256
0
768
-513
0
512
0
-1793
768
1536
-1
-1281
1536
768
-769
-257
1280
-257
-769
512
512
-769
0
768
-257
0
1280
0
-1281
768
1024
-1281
-1281
1536
512
-1025
256
1792
-513
-513
768
256
-1281
512
512
-513
-257
1536
-1
-769
1024
1536
-1281
-513
1792
-1
-1793
256
1536
-769
-1
1536
256
-1281
1024
512
-1025
-513
1536
-513
-1025
1280
1280
-1281
0
2048
-1
-1537
1280
768
-1537
-257
1280
-257
-769
1536
768
-1025
0
1536
-513
-1025
1024
512
-1537
256
1792
-257
-769
1536
768
-1537
-1
1536
-769
-1537
1280
768
-1281
512
1792
-513
-769
1792
256
-2049
256
1792
-1537
-1025
2048
256
-1281
1024
1280
-1281
-257
1792
-257
-2049
768
1536
-1025
-513
1280
256
-257
256
256
-769
0
1024
-513
-1537
1280
1792
-1025
-513
1792
768
-1537
0
1280
-1025
-1025
1536
0
-1537
1280
1536
-1281
0
1536
-769
-769
1792
0
-2817
1024
2816
-1025
-1793
2048
1280
-1025
-1
-1
0
1024
-1
-1281
-1
2304
768
-1281
-513
1280
1024
-1025
-769
512
1280
-1025
-257
1280
-513
0
1792
-257
-1793
1024
1536
-1281
-513
768
-257
-1
2304
-513
-2817
3072
2304
-3329
-1281
2816
512
-1537
0
-1
512
1792
-1
-2305
512
2560
-1281
-1281
1024
-1
256
512
-513
-257
1280
256
-1
0
-1281
256
2304
0
-3585
0
4352
-1
-2561
0
768
1280
1024
-3329
-1793
5376
1536
-5377
-1281
5120
1536
-3073
-513
768
768
1792
-1537
-2817
2816
2304
-3073
-257
2304
-513
-513
1280
-257
-1281
768
1280
-513
-257
-257
-513
3328
1280
-5121
-1
5376
0
-3841
-1
1792
1792
0
-3329
-769
4864
2560
-5889
-2049
5888
768
-2817
-1
-1
512
2816
-1281
-3329
2816
2304
-1793
-1025
1024
-1
-1
2816
-1793
-3329
3584
3072
-2561
-1537
768
256
2816
-769
-4609
1792
4864
-1025
-5121
1536
4096
-769
-1281
-1025
-1
3328
1536
-5121
-257
4864
-1281
-1281
1024
0
-769
1280
1280
-2817
-1
2560
-1
-769
0
-1281
1024
4864
-3841
-4609
4608
3584
-2049
-3329
1024
2560
1536
-1793
-3841
2048
5888
-1537
-6913
3328
5120
-2305
-1281
-1025
1024
3072
-1
-3073
256
3328
-769
-1793
768
1536
-1793
1024
2304
-3841
512
2816
-1025
-1
-1
-1025
1792
3072
-2817
-2817
2048
3840
-1793
-3585
3072
1280
-1
-1
-3329
1536
4608
-2305
-3585
2816
1536
-257
-769
-1025
768
256
1792
-1281
-2305
3328
512
-2561
768
256
-1281
3328
-1
-3073
1280
1280
768
-1793
-1281
1792
1024
768
-1281
-2305
2816
3072
-5121
-1
3840
-769
768
-1025
-1025
1792
512
-257
-1025
512
2048
-257
-2049
2304
-1025
-1025
3328
-2305
0
1792
-1281
768
256
-1793
256
2304
-1
-769
-1537
3072
1536
-5121
1792
1024
-257
2048
-2049
-513
2816
-1
-2305
768
-1
2048
256
-2561
2304
-1025
1024
512
-3073
2560
1792
-2049
768
1280
-2561
1792
256
-1537
1536
-1281
2560
-1
-2561
2048
-257
-1
1280
-1025
-257
3072
-2305
-257
1792
-3073
2560
0
-1537
1536
-257
1024
-769
-2049
1792
1792
-2817
1792
512
-2049
3328
-2305
-513
1792
-1281
1536
0
-1281
1024
512
-1281
768
-1281
1024
3072
-3841
1792
512
-2305
2560
-769
-1281
1792
768
-513
256
-1793
1792
1024
-3329
2816
-257
0
2048
-2817
512
1024
-1537
1024
1280
-2305
2048
768
-2049
1280
-1793
2048
768
-2561
2304
256
-1025
768
-769
-1025
2816
-769
-513
1792
-2049
2304
-257
-2305
1792
-1
768
256
-1281
768
1280
-2305
1024
512
-2049
3584
-257
-1281
768
-513
1536
-257
-1793
1536
1536
-1025
512
-1025
-1
2560
-2305
512
1024
-769
2048
-769
-1793
1024
1024
-257
0
-769
1536
1280
-2561
1024
-257
-1
2048
-1281
-257
1280
0
0
-257
-1537
1792
1536
-1537
512
-513
1280
768
-2305
256
768
512
1024
-1025
-1537
2304
512
-1537
-1
-257
2816
256
-2305
256
512
768
-1
-1281
256
2048
-257
-257
-257
-769
2048
-1
-1281
256
512
1280
-257
-1537
0
1280
256
0
-1025
0
2560
-513
-1537
-257
768
2048
-513
-1793
768
2048
0
-1537
-1281
1536
2048
-1025
-769
-1
1024
1280
-1537
-1281
1024
1536
256
-1025
-769
1024
1280
-769
-769
-257
1536
1280
-1025
-1025
256
1280
512
-1281
-1025
1792
2048
-513
-1537
-257
2048
1024
-1793
-769
1024
2048
0
-2049
-513
1792
1024
-1025
-1281
512
2048
256
-1793
-769
1024
1280
-1
-1281
0
1280
768
-513
-1281
0
1792
512
-1025
-1025
768
1792
-257
-1793
-513
2048
1536
-1025
-1537
256
2048
0
-1793
-513
1536
2048
-769
-1793
256
1536
512
-1537
-769
1280
1536
0
-1537
-257
1280
768
-513
-1025
256
1536
512
-769
-1025
512
1280
0
-1025
-513
1536
1280
-513
-1537
-1
2048
512
-1025
-769
1024
1792
-769
-1537
-1
1536
1280
-1281
-513
512
1280
0
-1537
-1
768
1024
-1
-1025
512
512
512
-513
-1025
768
1024
512
-513
-769
768
768
-1
-1025
-1
1792
768
-513
-1025
256
1536
-257
-769
-257
1536
1280
-1025
-769
-1
1536
0
-1025
256
512
1536
-513
-769
256
256
1024
-769
0
512
256
512
-1025
-1
256
256
768
-769
256
512
0
0
-1025
256
768
0
256
-1025
768
512
-513
-1
-769
1536
256
-257
0
-513
1280
-513
-257
0
0
1536
-769
0
-1
256
512
-769
256
0
768
256
-769
256
-1
512
-1
-257
1024
0
512
-513
-513
768
-257
512
-1
0
1280
-769
256
-257
-1
1024
-769
1024
-257
256
512
-1281
1024
-769
512
512
-513
1280
-1025
512
0
-257
512
-769
1280
256
-257
0
-513
768
-257
-1
512
0
768
-513
-257
256
-1
256
-513
768
512
-257
256
-769
768
-1
-257
768
-513
1280
-513
-1
512
-769
1024
-769
768
256
-257
1024
-1025
512
-257
-1
1280
-513
1024
-257
-1
512
-1025
768
0
0
768
-513
768
-257
-513
256
-257
1024
-257
0
768
-257
256
-1025
768
512
-257
768
-513
1280
-257
-769
256
0
1024
-769
256
1024
-1
-1
-1025
1024
256
-1
0
-1
1792
-769
-1025
768
0
768
-769
256
1536
-513
-257
-769
512
1280
-1281
0
768
1024
-513
-1281
1280
0
0
-513
0
2048
-1025
-513
-257
768
768
-1793
768
1280
0
-513
-769
1024
256
-513
-513
1280
1536
-1025
-769
256
1024
-513
-1281
1536
1024
-257
-513
-513
1536
0
-1537
512
1536
768
-1537
-1
1280
0
-1025
-513
2048
768
-513
-513
0
2048
-1537
-1793
2048
1024
-1
-1281
256
1792
-769
-1537
256
1792
768
-1537
-513
2048
512
-2561
-257
2304
512
-769
-769
1024
1792
-1793
-1537
1280
1792
-1
-2049
1024
2560
-1281
-2305
768
1792
256
-1025
-513
2304
768
-2817
-513
2048
1536
-1281
-1537
2816
1280
-2049
-1025
768
1792
-1
-2049
768
3072
-769
-2817
512
2304
256
-1793
0
2816
0
-2049
-513
1280
2048
-1537
-1793
3328
1792
-2305
-1537
1280
1792
-769
-2049
1536
2560
-769
-2049
-1
2304
256
-3073
512
3328
-257
-1793
-257
1280
1280
-1793
-1281
2560
1792
-1537
-2049
1024
2560
-1537
-2305
2304
2304
-769
-1537
-1
2304
0
-3073
512
3328
0
-2049
-257
2304
512
-2817
-1
2304
768
-513
-1537
768
2304
-1537
-2049
1536
2048
-769
-1793
256
2304
-513
-2305
512
2304
768
-2049
-769
3072
512
-3329
0
2816
512
-1025
-257
1536
1024
-1793
-769
1024
1280
-1
-1281
768
2304
-1025
-1793
512
1024
256
-1537
-1025
2304
768
-2305
-769
2304
1280
-2305
-1025
2304
512
-2561
-1
1536
768
-257
-513
1792
1280
-1281
-1025
1024
768
-1
-257
512
1792
512
-513
-513
512
1536
-1281
-1537
2048
1280
-1793
-513
1792
768
-1537
-1281
1792
512
-2049
-1025
1024
1280
-1025
-1025
1792
768
-1281
-257
256
-257
0
256
0
768
1024
256
-769
768
1024
-1025
-1025
1536
1536
-769
-513
1536
2048
-1025
-1793
1280
1280
-1793
-1281
1536
512
-1537
-1
1536
0
-1793
0
256
-769
-257
-513
256
512
768
0
-257
0
1024
-257
-1281
256
1792
256
-1025
1280
2560
-1025
-1281
2048
1280
-2049
-1025
2560
768
-1281
-257
2048
512
-1025
-769
0
-1
-769
-1
-1
-1
0
768
-1
-769
512
0
-1793
0
1280
-257
-1537
1792
2816
-1025
-1793
1792
1792
-1537
-1025
1024
2048
-257
-257
1792
1280
-513
-257
1024
0
-1537
0
768
-1
-1
512
-257
-1
1024
-513
-2049
-257
2048
-769
-1793
512
2048
0
-1793
256
1280
-769
-1537
1024
1536
-1025
-769
2304
2048
-1281
-769
1536
512
-257
-257
256
256
1280
1024
-769
-1
1280
512
-1281
-769
512
256
-769
-1
1280
-1
-1537
512
1792
-1025
-3073
512
2304
-513
-1793
256
1792
0
-1
-1
-257
0
768
256
-257
0
768
1024
256
256
0
-257
256
1280
0
-1793
-257
3072
1024
-2049
-769
2048
768
-1281
-769
0
-1
-1
768
-1
-513
-257
1024
1024
-1025
-1537
0
1280
768
-513
-769
-1
2048
1536
-1025
-1793
1024
2048
-1
-1025
-1
768
512
1024
512
-769
-513
1024
1536
-513
-2305
-257
2048
1536
-1025
-1281
0
1280
768
-769
-1793
-257
1792
1024
-769
-1025
256
1280
768
0
-1281
-769
1024
1792
-1
-2049
-513
2304
2304
-513
-2049
-1
1792
1024
-769
-1281
-257
1280
2048
0
-1537
-769
1280
1536
-1
-1793
-1025
1024
2304
256
-1793
-1025
1536
2304
-257
-2305
-1025
1536
1792
-257
-1281
-257
1024
1792
256
-1537
-1537
512
2048
256
-1537
-1025
1280
2560
512
-1793
-1537
768
2048
256
-1793
-1281
1280
2304
512
-1537
-1025
512
1536
768
-1537
-1793
256
2304
1280
-1281
-1793
768
2048
768
-1793
-2049
512
2048
1024
-1025
-1281
768
1792
768
-1025
-2049
0
1536
1280
-513
-1537
256
2304
1280
-769
-2049
-1
2048
768
-1025
-1793
256
2304
1024
-769
-1281
-1
1536
768
-769
-1281
-513
1792
1536
-1
-1281
-513
1536
1536
-769
-1793
-769
1792
2048
-513
-1025
-257
1536
1280
-769
-1537
-1
768
1536
-257
-1025
-1
768
1792
-1
-1281
-513
512
1280
256
-1537
-1
768
1792
256
-1793
-257
512
1024
0
-1281
-257
1280
1024
768
-1537
-513
768
512
512
-1025
-513
1024
768
512
-257
-1025
1280
256
512
-513
-1025
512
768
256
0
-1025
512
1280
-1
-1
-1537
512
1280
0
-1
-513
256
1536
-257
-257
-257
-257
1280
-513
0
0
-1
768
256
-257
0
-769
1024
768
-769
0
-769
1280
768
-769
-1
0
512
1024
-1537
0
256
0
1024
-769
256
256
-257
256
-1
-257
768
-769
1024
256
-513
512
-513
1024
256
-1025
256
256
0
768
-1537
768
512
-1
512
-769
512
512
-513
256
-1
-1
1024
-1025
1024
-1
-257
256
-513
768
512
-769
768
0
-1
512
-1537
1024
0
0
512
-513
512
512
-1025
512
-1
0
1024
-1025
1024
-1
-1
256
-513
512
768
-513
768
-257
-1
512
-1281
1024
0
256
512
-257
256
256
-1281
768
-257
512
768
-769
1024
-1
-257
0
-257
768
1024
-769
768
-257
256
0
-1281
1024
512
512
512
-513
0
0
-1281
768
-257
768
1024
-257
768
-257
-769
-1
-257
1024
768
-769
1024
-257
0
-257
-1025
1024
1024
512
512
-769
-1
-1
-1281
768
-1
1280
1280
0
512
-769
-1281
-1
-1
1024
768
-257
1280
-1
-1
-1025
-1025
1024
1280
512
256
-1025
0
-257
-1025
256
0
1792
1536
0
-257
-1281
-1281
0
-1
1024
1024
512
1280
-257
-769
-1281
-769
1280
1280
512
256
-513
0
-513
-1025
0
512
2048
1536
-1
-1025
-1537
-1025
256
0
1280
1280
1280
1280
-769
-1793
-1793
-513
1536
1280
512
512
-1
256
-769
-1537
-1
1280
2304
1280
-769
-1281
-1281
-513
0
0
1536
2048
1792
512
-1793
-2561
-1281
0
1536
1280
768
1024
256
-257
-1793
-1793
0
1536
2048
768
-769
-769
-769
-513
-1
0
1536
2304
1536
-257
-2305
-2561
-769
512
1536
1280
1280
1280
256
-1025
-2561
-1793
256
2048
2048
512
-513
-257
-257
-513
-769
0
1792
2304
1024
-1025
-2305
-1537
-1
512
1024
1280
1792
1536
-257
-2049
-2817
-1281
1024
2048
1536
768
0
0
-769
-1281
-1025
256
2048
2048
256
-1025
-1537
-769
0
512
768
1536
1792
1024
-769
-2561
-2305
-513
1280
1792
1280
768
512
-1
-1025
-1793
-1025
512
2048
1792
0
-1025
-769
-257
-1
-1
512
1536
1792
512
-1281
-2305
-1281
256
1280
1280
1024
1024
512
-513
-1793
-1793
-513
1024
1792
1024
0
-257
-257
-257
-513
-1
512
1280
1280
0
-1281
-1281
-513
256
1024
1024
1024
768
256
-769
-1537
-1281
-1
1280
1536
768
0
-1
-1
-513
-769
-257
512
1280
1024
-1
-769
-513
-1
256
256
512
768
768
0
-1025
-1281
-513
512
1024
1024
512
256
0
-257
-769
-513
0
768
1024
512
-1
-257
-257
-1
0
0
256
512
256
-1
-513
-513
-1
512
768
512
256
0
-1
-257
-513
-257
0
768
768
256
-1
-1
-1
-1
-1
0
256
512
256
-1
-257
-1
0
256
256
256
256
0
-1
-257
-257
-1
256
512
256
0
0
-1
-1
-1
-1
0
256
256
0
-1
-1
0
0
0
0
0
0
0
-1
-1
-1
0
256
256
256
0
0
0
-1
-1
0
0
256
256
0
0
0
0
0
0
0
0
0
0
0
-1
0
0
256
0
0
0
0
0
-1
0
0
0
256
