15883
0
0
0
0
0
0
0
0
0
0
0
0
0
0
0
0
0
0
0
0
0
0
0
0
0
0
0
0
0
0
0
0
0
0
0
0
0
0
0
0
0
0
0
0
0
0
0
0
0
0
0
0
0
0
0
0
0
0
0
0
0
0
0
0
0
0
0
0
0
0
0
0
0
0
0
0
0
0
0
0
0
0
0
0
0
0
0
0
0
0
0
0
0
0
0
0
0
0
0
0
0
0
0
0
0
0
0
0
0
0
0
0
0
0
0
0
0
0
0
0
0
0
0
0
0
0
0
0
0
0
0
0
0
0
0
0
0
0
0
0
0
0
0
0
0
0
0
0
0
0
0
0
0
0
0
0
0
0
0
0
0
0
0
0
0
0
0
0
0
0
0
0
0
0
0
0
0
0
0
0
0
0
0
0
0
0
0
0
0
0
0
0
0
0
0
0
0
0
0
0
0
0
0
0
0
0
0
0
0
0
0
0
0
0
0
0
0
0
0
0
0
0
0
0
0
0
0
0
0
0
0
0
0
0
0
0
0
0
0
0
0
0
0
0
0
0
0
0
0
0
0
0
0
0
0
0
0
0
0
0
0
0
0
0
0
0
0
0
0
0
0
0
0
0
0
0
0
0
0
0
0
0
0
0
0
0
0
0
0
0
0
0
0
0
0
0
0
0
0
0
0
0
0
0
0
0
0
0
0
0
0
0
0
0
0
0
0
0
0
0
0
0
0
0
0
0
0
0
0
0
0
0
0
0
0
0
0
0
0
0
0
0
0
0
0
0
0
0
0
0
0
0
0
0
0
0
0
0
0
0
0
0
0
0
0
0
0
0
0
0
0
0
0
0
0
0
0
0
0
0
0
0
0
0
0
0
0
0
0
0
0
0
0
0
0
0
0
0
0
0
0
0
0
0
0
0
0
0
0
0
0
0
0
0
0
0
0
0
0
0
0
0
0
0
0
0
0
0
0
0
0
0
0
0
0
0
0
0
0
0
0
0
0
0
0
0
0
0
0
0
0
0
0
0
0
0
0
0
0
0
0
0
0
0
0
0
0
0
0
0
0
0
0
0
0
0
0
0
0
0
0
0
0
0
0
0
0
0
0
0
0
0
0
0
0
0
0
0
0
0
0
0
0
0
0
0
0
0
0
0
0
0
0
0
0
0
0
0
0
0
0
0
0
0
0
0
0
0
0
0
0
0
0
0
0
0
0
0
0
0
0
0
0
0
0
0
0
0
0
0
0
0
0
0
0
0
0
0
0
0
0
0
0
0
0
0
0
0
0
0
0
0
0
0
0
0
0
0
0
0
0
0
0
0
0
0
0
0
0
0
0
0
0
0
0
0
0
0
0
0
0
0
0
0
0
0
0
0
0
0
0
0
0
0
0
0
0
0
0
0
0
0
0
0
0
0
0
0
0
0
0
0
0
0
0
0
0
0
0
0
0
0
0
0
0
0
0
0
0
0
0
0
0
0
0
0
0
0
0
0
0
0
0
0
0
0
0
0
0
0
0
0
0
0
0
0
0
0
0
0
0
0
0
0
0
0
0
-1
0
0
0
-1
0
0
-1
-1
0
0
0
256
0
-1
256
256
0
-1
256
0
-257
0
512
0
-1
0
0
-257
-1
256
-257
-257
512
0
-257
256
768
-1
-257
512
512
-513
0
768
-1
-257
768
256
-513
0
512
-769
-513
1024
0
-1025
256
1024
-257
-257
1280
512
-769
256
1280
-257
-1
1280
0
-1281
256
1280
-769
-769
1536
0
-1793
256
1536
-769
-1281
1024
256
-1281
1280
2048
-769
-1
2304
256
-1537
768
1792
-2049
-1281
2304
256
-1537
768
1024
-1537
-1025
1280
-1
-2049
1024
1280
-1537
256
3072
512
-1537
768
2304
-1025
-769
2304
-1
-2049
768
1024
-1281
-513
1536
-1025
-2561
2048
1536
-2305
-1
2304
-769
-1537
1792
2048
-1025
256
2304
-257
0
2304
-513
-2305
0
512
-1793
-1025
2048
256
-2305
768
1536
-769
-513
256
-513
-769
1536
2304
-513
1280
3072
-769
-1281
2048
768
-2817
-1281
1536
-769
-1537
2048
-1
-2817
768
1024
-2049
-1
3328
-257
-3073
2816
3840
-2305
-1
3584
-513
-1793
2304
2048
-2305
-513
2048
-3073
-3073
3328
0
-4609
0
4096
-513
-2561
3840
2560
-4609
-1
4352
-1281
-1281
4352
1792
-3585
1792
5888
-3585
-4609
4352
-513
-7425
768
5376
-2817
-3841
4864
1536
-5121
2816
4352
-5121
-1793
6144
768
-4353
3840
5888
-4865
-3073
6656
256
-6401
1024
3328
-4609
-3073
5120
0
-6145
2560
4096
-5121
-513
7936
0
-6145
3328
6400
-4609
-2561
6912
-513
-5889
3840
4352
-4353
-1281
4864
-3073
-7169
4096
3328
-7169
-769
6656
-769
-3841
4864
4864
-4865
-1537
5120
-1281
-3073
4608
2304
-4353
512
5632
-1793
-5121
3584
1280
-7425
-1025
5632
-1281
-3841
3072
2816
-3585
1024
5120
-2817
-2561
5120
512
-4353
2560
5120
-3329
-3841
4352
1280
-4609
1024
2560
-3585
-1793
2816
-257
-3073
1792
2304
-3329
256
5888
-1
-3329
2304
2816
-3073
-1793
3840
256
-3073
1792
1792
-2049
768
2304
-3073
-3585
2816
1280
-4609
256
4864
-1025
-2049
4096
2304
-2561
0
2048
-2305
-1281
3840
0
-3073
2560
2560
-3073
-1025
3840
-769
-5121
768
3328
-2305
-1281
3328
512
-1537
2048
2048
-2049
0
3328
-2049
-3841
3584
2816
-3841
-1281
4352
0
-3073
2048
2048
-3329
-769
2304
-1793
-2049
3072
1280
-3073
1536
4864
-1537
-2561
3584
768
-4865
-257
3840
-1025
-2561
2560
1792
-1793
1280
2304
-2817
-1793
2816
-513
-4353
1536
4608
-2049
-2305
4352
2304
-2817
256
2304
-2561
-2049
2560
0
-2561
2048
3072
-2049
-257
4096
-513
-4353
1280
2560
-3585
-2049
3840
1024
-2305
1536
2816
-1025
-1
2048
-2049
-3073
2304
1280
-3841
-1
4608
-1
-2561
2560
2816
-2561
-1537
1792
-1281
-2561
1792
1280
-2049
1024
3840
-513
-1537
2816
256
-4609
-257
2560
-1793
-2817
2560
2560
-1025
512
2560
-513
-1281
768
-1281
-3073
1280
2304
-2049
-769
4096
1792
-1793
1024
2304
-2049
-2305
768
-257
-2049
1280
2304
-513
768
3328
0
-2049
1280
768
-3585
-1537
2304
-1
-2049
2048
3584
256
256
1792
-513
-1793
256
-513
-2817
256
2816
-257
-769
3584
3072
-1025
-257
1024
-1793
-2817
-1
-1
-1537
768
2560
512
512
2560
256
-2305
-257
0
-3329
-2817
1024
768
-769
1536
3328
768
-1
512
-1025
-2305
-513
-513
-2561
-769
2304
1280
256
2816
3072
-513
-1537
-257
-1793
-2817
-769
-1
-513
768
2816
1536
1024
2048
768
-1793
-1537
-769
-2561
-2305
768
2048
1024
2048
3328
1792
512
512
-513
-2049
-1281
-769
-1537
-257
2560
3072
2048
2560
2304
-1
-1281
-769
-1537
-2561
-1537
-1
0
1280
2816
2560
1792
1536
256
-1793
-2561
-1793
-1793
-1537
256
1536
1536
1792
2816
2048
512
-1
-1537
-2817
-2817
-2049
-1537
-1
1792
2560
1792
1280
1024
-1
-1281
-1793
-2561
-3329
-2305
-769
256
1536
2816
2816
1792
768
-257
-1793
-2561
-2049
-1537
-1281
-1
1280
2304
2816
3328
2304
768
-513
-1793
-2561
-2561
-1281
-257
512
2048
2560
2304
2304
1792
512
-769
-1793
-2561
-2561
-1281
0
1536
2560
3072
3072
2048
768
-1
-1025
-1537
-2049
-1793
-1025
0
1536
2816
3072
2560
1536
0
-1281
-2049
-2561
-2305
-1537
-513
256
1280
2048
2048
2048
1024
-257
-1793
-2817
-2817
-2049
-769
0
1024
2048
2304
1792
1280
256
-769
-1537
-2049
-2561
-2049
-513
512
1792
2560
2048
1280
512
-257
-1281
-1793
-2049
-1793
-1025
-1
768
1536
2560
2304
1536
512
-769
-1537
-1537
-1281
-769
0
768
1280
2048
2560
1792
1280
512
-513
-1537
-1537
-1537
-769
256
1280
1536
1792
1792
1024
512
0
-1025
-1537
-1281
-1281
-769
256
1280
1536
2048
1792
512
0
-513
-1281
-1281
-1025
-1025
-257
768
1280
1536
2048
1536
256
-1
-1025
-2049
-1793
-1025
-769
0
1024
1280
1280
1792
1024
-1
-513
-1281
-2305
-1793
-1025
-513
512
1792
1792
1792
1792
256
-513
-769
-1537
-2049
-1281
-513
-1
1280
2304
2048
1792
1280
-1
-1025
-1281
-2049
-1793
-513
0
512
2048
2304
1792
1536
768
-769
-1537
-1537
-2049
-1537
0
512
1280
2560
2304
1280
1024
0
-1281
-1537
-1537
-1793
-769
512
1024
1792
2560
1792
768
256
-769
-2049
-1793
-1537
-1281
-1
1024
1280
1792
2304
1280
256
-1
-1281
-2049
-1281
-1025
-769
512
1536
1280
1792
1792
512
-1
-257
-1537
-1793
-1025
-769
-257
1024
1536
1280
1792
1280
-1
-257
-513
-1537
-1281
-513
-257
0
1280
1280
1024
1280
768
-1
-513
-513
-1281
-1025
-257
-257
256
1280
1024
768
1024
512
-1
-1
-769
-1281
-769
-1
-1
256
1280
1024
1024
1024
256
-257
-257
-513
-1281
-769
-1
-1
512
1024
768
768
1024
0
-257
-257
-769
-1025
-257
-257
-1
768
1536
1024
1024
768
0
-257
-513
-1025
-1025
-257
0
256
1024
1280
1024
1024
256
-513
-513
-513
-1025
-769
-1
0
768
1280
1024
512
768
256
-513
-769
-769
-769
-257
0
256
768
1536
1280
512
256
-1
-513
-769
-1025
-769
0
512
512
768
1024
768
256
0
-769
-1025
-257
-257
-257
-1
512
768
768
768
256
0
0
-257
-769
-513
-257
256
512
256
512
1024
768
0
-1
-257
-513
-257
-257
-257
0
768
1024
256
0
256
0
-257
-513
-513
-1
256
256
0
256
512
768
256
-1
-1
256
0
-257
-257
0
256
512
512
0
256
512
256
-257
-513
-1
0
-1
-1
0
512
512
256
-1
-1
0
0
-1
-257
-1
512
256
0
0
256
512
256
0
-1
-1
256
0
-257
-1
256
512
256
0
256
256
0
-1
-513
-257
0
256
0
-1
256
512
256
-1
-1
0
0
0
-1
-1
256
512
256
-1
0
512
512
-1
-257
-1
0
0
-1
-1
0
512
512
0
-1
0
256
-1
-513
-257
0
256
256
0
0
256
256
0
-257
-1
256
256
-1
-1
256
256
256
0
0
0
256
0
-1
-257
0
256
0
-1
0
512
256
0
-1
-1
0
0
-1
-1
0
512
256
0
0
256
256
0
-1
-1
0
256
0
0
0
256
256
0
-1
0
256
0
-1
-1
-1
0
0
0
0
0
256
256
-1
-1
0
0
0
-1
0
256
256
256
0
0
0
0
0
-1
0
256
0
0
0
0
0
0
0
0
0
0
0
-1
-1
0
0
0
0
0
0
0
0
-1
0
0
0
0
0
0
256
0
0
0
0
0
0
0
0
0
0
0
0
0
0
0
0
0
0
0
0
0
0
0
0
256
0
-1
256
256
-1
-1
0
0
-1
0
256
-1
0
256
0
-1
0
256
0
-1
0
0
-1
0
256
-1
-1
256
0
-1
-1
256
-1
-1
256
0
-1
0
256
0
-1
256
256
-257
-1
256
0
-1
256
256
-1
-1
512
0
-257
256
256
-1
-1
512
256
-257
256
768
-1
-1
512
256
-257
0
768
0
-257
768
512
-257
256
768
0
-257
512
768
-257
0
1024
-1
-257
512
512
-257
-1
768
0
-769
512
768
-513
-257
768
0
-769
0
1024
-513
-513
1024
0
-1025
0
768
-513
-1025
768
256
-1281
0
1024
-769
-769
512
512
-1281
-257
1280
-513
-1281
768
512
-1025
-257
1024
-1
-1537
768
1280
-1281
-257
1536
-1
-1025
512
1536
-769
-769
2048
256
-1281
1024
1536
-513
-513
1792
1024
-1281
512
2304
-513
-513
2048
1024
-1025
256
2304
-1
-1281
2048
1536
-1537
256
2048
0
-1281
1280
2048
-1537
-257
2560
-1
-1537
1280
1536
-1025
-1025
2304
256
-2561
1024
1792
-1793
-1025
1536
256
-2305
-1
2048
-1793
-1793
1792
0
-2305
-1
1536
-1025
-2561
1536
768
-3073
-257
1792
-1281
-2049
768
1280
-2305
-1025
2560
-769
-2561
1536
1024
-1793
-769
2304
256
-2561
1280
2304
-2049
-513
2560
256
-1793
512
2560
-1025
-1281
3072
768
-2049
1280
2560
-257
-1025
2560
2048
-2049
768
3584
-513
-769
2560
1792
-1281
0
3328
0
-1793
2560
2048
-1793
0
2560
256
-2049
1280
2304
-2049
-769
2560
-257
-2049
768
1536
-1537
-1793
2304
256
-2817
768
1792
-1793
-1537
1536
512
-2561
-1
2304
-1793
-2049
1536
0
-2305
-513
1536
-1281
-2817
768
512
-3073
-769
1024
-1281
-2561
0
768
-2561
-1537
1792
-769
-2305
768
1024
-1281
-769
2048
768
-1793
1536
2560
-769
0
2560
1280
-769
1024
2816
-1
-513
2560
1024
-1025
768
1792
-1
-1025
1536
1024
-1537
0
2048
-257
-513
1536
1536
-257
256
3072
768
-1
2560
2560
256
1280
3072
1792
256
2048
2816
-1
512
2048
512
-513
512
768
-1025
-1281
256
-513
-2561
-769
-257
-1793
-2305
-513
-513
-2305
-1025
0
-1025
-1281
512
0
-769
-1
1280
0
-513
1280
1024
-257
0
1024
-257
-769
-1
-1
-1793
-1537
-513
-2049
-2561
-2049
-1537
-2817
-2817
-1793
-1793
-2817
-1537
-769
-1793
-1025
-1
0
-513
512
1536
768
768
2048
2048
1280
2304
2304
1792
1280
2304
1792
768
1024
1024
512
-1
256
-1
-257
-769
-257
-769
-769
-257
-257
-257
-257
512
512
768
1024
2048
1792
2048
3072
2816
2816
3072
3584
2816
3072
3072
2816
2048
2048
1792
1024
768
0
0
-769
-513
-1025
-1281
-1793
-1793
-1793
-2049
-2049
-1793
-1281
-1793
-1025
-769
-513
-257
0
256
0
768
1024
1024
768
1280
768
768
512
512
0
-1
-257
-1281
-769
-1537
-1793
-2049
-2561
-2817
-2817
-2817
-2817
-2817
-2561
-2305
-2561
-1281
-1537
-1025
-513
-257
0
256
1280
1024
1280
1792
1792
1792
2304
1536
1536
1536
1280
1536
512
1024
0
-1
-1
-513
-513
-513
-1025
-769
-769
-769
-257
-513
0
-513
256
768
256
1536
1280
1536
2048
2048
2304
2304
2304
2560
1280
2304
2304
1280
2048
768
768
256
256
256
-769
-257
-257
-1281
-257
-769
-1025
-769
-1537
-513
-1025
-513
0
-769
256
-1
256
1024
0
512
768
256
1280
512
1280
768
0
1024
-513
0
256
-1025
-257
-769
-513
-513
-1281
-257
-1793
-1793
-257
-1793
-513
-513
-769
-1
-769
512
0
-1
1024
-257
512
1280
512
1792
256
768
1024
-1
1280
-1
0
256
-769
768
-257
-513
0
-1281
-513
-769
-513
0
-1281
512
0
-513
1536
0
256
512
0
1280
256
1792
1536
-1
1792
256
256
1024
-257
512
-513
-1
768
-769
512
-257
-1025
0
-1281
0
-1
-1025
512
-513
512
512
-1
1024
-769
256
1024
-257
1536
512
256
768
-1
1280
-257
-1
768
-1281
512
256
-257
256
-1025
-257
-769
-769
768
-1281
-1
256
-769
768
-257
0
0
-769
768
-1
512
1536
-1
1280
512
512
1536
-257
512
0
-257
1024
0
1280
256
-513
768
-1025
-257
0
-1025
-1
-769
256
256
-513
1024
-513
-257
768
-1
768
512
256
768
-257
1536
512
0
1280
-1
512
512
-1
512
-1025
-257
-257
-1025
0
-769
-513
-257
-1281
256
-513
-513
-1
-1281
-513
-769
-1
512
-257
1280
1024
0
1280
0
-1
-257
-257
768
-257
1024
1024
-1
512
0
0
0
-257
0
-513
-257
512
-257
512
256
512
1280
512
1280
512
-1
256
0
512
768
768
1536
512
768
1280
256
768
256
256
-1
-257
0
-513
-257
256
0
512
512
0
-1
-1537
-769
-1281
-1281
-257
-257
0
0
-1
0
-257
-513
-513
-1025
-513
-769
-513
-257
-769
256
0
256
512
0
-257
-769
-1025
-769
-769
-1
256
256
768
512
768
256
0
256
0
256
256
256
256
512
1024
1792
1536
2048
1536
1024
512
0
256
-1
512
1024
1280
1280
1536
1280
512
256
0
-1
-257
0
-257
-1
-1
256
512
512
768
256
-1
-769
-1025
-1537
-1281
-1025
-1
-1
0
256
-1
-513
-1025
-769
-1281
-1281
-1025
-769
-1025
-513
-1
-1
0
256
256
-257
-257
-769
-1025
-1025
-257
256
512
1280
1280
1280
512
512
0
0
0
512
768
512
1024
1280
1536
1280
2048
1536
1024
768
512
-1
-1
512
768
1280
1536
1792
1024
768
256
-1
-257
-257
-1
-1
0
-1
0
0
0
0
-1
-513
-1025
-1025
-1793
-1793
-1281
-769
-1025
-257
-1
-513
-1025
-1025
-1537
-2049
-1537
-1537
-1537
-1025
-513
-769
-513
-257
-513
-513
-513
-513
-1025
-769
-1025
-513
-1
256
512
1024
1024
512
512
256
0
256
768
768
1024
1792
1792
1536
2048
2304
1536
1792
1792
1536
1280
1792
1536
1792
2560
2560
2304
2560
2304
1536
1536
1280
1024
1280
1536
1280
1536
1792
1280
1024
1280
768
256
512
256
-257
-1
0
-257
-1
256
-257
-513
-257
-769
-1537
-1537
-1537
-2049
-1537
-1281
-1537
-1537
-1281
-1793
-2049
-1793
-2305
-2561
-2305
-2305
-2561
-2049
-2049
-2305
-1793
-1537
-2049
-2049
-1793
-2305
-2305
-1793
-1793
-1793
-1025
-769
-1025
-513
-257
-1025
-769
-257
-513
-257
0
0
0
768
768
768
1280
1280
1024
1280
1536
1280
1536
2048
2048
2048
2816
2560
2304
2816
2560
2048
2560
2816
2304
2560
3072
2560
2816
3328
2816
2304
2816
2560
1792
2048
2048
1536
1792
2048
1536
1792
1792
1280
768
1024
512
0
256
0
-257
0
0
-257
-1
-1
-769
-1025
-1025
-1537
-2049
-1281
-1537
-2049
-1537
-1537
-2049
-1793
-1793
-2561
-2305
-2049
-2561
-2817
-2305
-2305
-2561
-1793
-1793
-2049
-1793
-1793
-2305
-2049
-1793
-2049
-2049
-1281
-1281
-1025
-513
-513
-769
-257
-513
-769
-257
-1
-513
-1
512
0
256
1024
1024
768
1280
1280
512
768
1024
768
1280
2048
2048
2048
2304
2048
1792
1792
1792
1536
1792
1536
1536
1792
1792
1792
2304
2304
1792
1792
1792
1024
768
1280
1024
512
1024
1536
1024
1024
1280
512
0
256
0
-257
-1
0
-1
-1
-1
-1
-1
-1
-257
-257
-769
-1281
-1281
-1025
-1025
-769
-257
-513
-769
-513
-1025
-1537
-1025
-769
-1281
-1281
-769
-1025
-1281
-513
-257
-513
-257
-1
-769
-1025
-769
-769
-769
-513
-1
0
0
0
256
0
-1
-1
-1
-257
-1
256
256
0
512
768
512
768
1280
768
256
512
256
-1
256
1024
1024
1024
1536
1280
512
256
512
512
256
512
768
256
256
768
768
768
1024
1024
256
-1
0
-1
-257
0
512
256
0
512
512
0
0
256
-257
-769
-257
-1
-257
-1
256
0
-1
0
0
-1
-257
-257
-769
-1025
-769
-257
-257
0
512
0
-257
-513
-257
-769
-513
0
-1
-513
-257
-1
-1
0
768
768
-1
-257
-257
-513
-513
0
512
256
256
512
256
0
256
512
0
-1
-1
-1
0
512
768
512
512
512
256
256
768
768
0
-1
0
-1
0
1024
1536
1024
256
256
-1
-513
0
768
768
0
0
0
-1
0
1024
1024
512
0
-257
-513
-513
0
512
512
256
-1
-1
-1
0
256
0
0
-513
-1025
-513
256
256
256
256
-1
-769
-769
0
256
-1
-1
-1
-769
-1025
-1
768
512
0
0
-513
-1025
-513
256
768
256
-1
-257
-513
-513
256
1024
1024
256
-513
-769
-257
-1
512
1280
1024
-1
-257
-1
0
512
1024
1024
256
-769
-257
512
512
768
1536
768
-257
-513
0
768
768
768
768
0
-769
-257
768
1280
1024
512
0
-513
-769
-1
1280
1280
256
-1
-257
-769
-513
512
1280
768
-257
-769
-513
-769
-257
1024
1024
-1
-769
-769
-513
-257
256
1024
256
-1025
-1281
-513
-1
0
768
768
-257
-1281
-1025
0
512
512
768
256
-769
-1281
-1
768
1024
768
256
-1
-1025
-769
512
1536
768
256
0
-513
-769
0
1280
1536
512
-1
-1
-257
-257
1024
1792
1024
0
-257
-1
0
512
1280
1792
0
-769
-513
0
256
768
1280
512
-513
-1281
-257
256
256
512
768
-257
-1281
-1025
0
512
512
256
0
-769
-1281
-257
768
768
256
0
-257
-769
-513
256
1280
512
-1
-257
-513
-769
-257
768
512
0
-769
-513
-513
-257
0
1024
256
-513
-769
-257
-1
256
768
1280
256
-257
-1
512
768
768
1280
768
0
-257
256
768
1024
512
768
-1
-513
-769
256
256
256
-1
-1
-513
-769
-257
512
512
0
0
-1
-257
-257
512
768
1024
0
256
0
256
0
1280
768
256
-257
-1
-257
-1
0
512
0
-513
-769
-513
-257
-513
-1
-257
-257
-1025
-513
-257
256
-1
512
0
0
-257
512
512
1024
512
768
512
256
256
768
1024
512
256
0
0
-513
-1
-1
256
-513
-1
-513
-257
-769
0
-257
0
-513
-1
-257
0
0
512
768
512
512
512
768
512
1024
768
768
256
512
0
768
0
512
0
0
-513
-257
-513
-257
-769
-257
-513
-513
-513
-257
-1
-257
0
-1
0
-1
256
0
768
256
1024
512
1024
512
1024
512
768
256
512
-1
256
0
0
-1
-1
-257
-513
-257
-513
-513
-769
-257
-513
-257
-513
0
-257
256
-1
768
0
512
256
768
256
768
768
768
512
768
768
256
256
256
256
-257
-1
-257
-1
-769
-1
-513
-257
-769
0
-513
-257
-513
0
-257
-1
0
512
0
256
768
512
512
512
1024
256
256
512
768
-1
512
256
512
-257
256
0
-1
-513
0
-257
-513
-513
0
-257
-513
-1
0
-257
-257
256
0
-1
0
768
0
256
512
1024
0
512
768
768
-1
512
512
0
-257
256
0
-257
-1
256
-1
-769
0
0
-513
-769
256
-1
-513
-257
768
-1
-1
256
768
-1
0
768
512
-257
512
1024
0
-1
512
768
-1
-1
512
0
-513
256
256
-257
-513
512
0
-513
-257
768
-1
-513
0
512
-257
-1
512
256
-257
256
1024
-1
-257
512
768
-257
-1
768
256
-513
256
512
-1
-257
512
256
-513
-1
768
-1
-769
0
512
-257
-513
512
256
-513
0
768
-1
-257
512
768
-513
-1
1024
512
-513
256
768
0
-513
256
256
-513
-1
768
-1
-769
256
768
-513
-769
512
256
-513
-1
768
0
-257
512
768
-513
-257
1024
256
-513
512
1280
0
-257
512
512
-513
-1
768
0
-513
256
512
-257
-769
256
0
-1025
-513
512
0
-257
256
768
-257
-513
512
256
-513
256
1536
512
-1
1024
1280
-1
-1
1024
256
-257
512
1280
-1
-257
512
0
-1281
-769
-1
-769
-1025
-1
0
-513
-513
-1
-513
-1025
-513
256
256
0
1024
1536
768
512
1024
1024
0
768
2048
1280
512
1792
1792
-1
-513
0
-513
-1537
-257
0
-1025
-769
0
-1025
-2561
-1793
-1281
-1793
-1537
-1
0
256
1024
768
256
256
768
1280
1280
1536
2560
3328
2816
1536
1536
1536
256
-1
256
0
-1
512
256
-1537
-2305
-1281
-2817
-4353
-2817
-1537
-2049
-1281
-1
-769
-1281
-257
-257
-1281
-1
1792
2304
2816
3584
3584
3328
3072
2048
1280
1536
2560
2304
2048
2048
1024
512
-257
-2305
-3841
-2817
-2561
-3329
-2817
-1537
-2305
-2561
-2305
-3585
-4353
-2305
-769
-1025
0
2816
3072
2560
3072
2560
1536
2816
3584
3072
3584
5376
5120
3328
2304
1024
-257
-769
-1025
-2305
-1793
-513
-1281
-2817
-3073
-4097
-5377
-4865
-4609
-4865
-2817
-1
-257
-513
512
1024
0
768
1792
1792
3584
6144
5632
4608
5376
4864
2816
1792
1536
512
1024
2048
768
-513
-257
-1281
-3841
-5121
-5121
-5377
-4609
-3073
-3073
-3073
-1537
-1281
-2817
-2817
-1281
-1025
512
2560
3072
3584
5632
5376
3072
3072
3584
3072
2816
3840
3328
3072
3584
2048
-769
-1793
-1537
-3073
-3841
-3073
-2817
-2817
-1793
-2561
-4353
-4353
-3329
-3841
-3585
-1537
-1
768
2304
2560
1536
2048
2816
2048
1792
3584
4608
4352
4864
4096
2560
2048
1536
-257
-1281
-513
-257
-769
-769
-1281
-2561
-2817
-3329
-4609
-4865
-3073
-2049
-2049
-769
-1
-257
0
512
-257
0
1792
2560
2304
3584
4352
3584
3072
2816
1280
768
1536
1280
512
768
1024
-1
-769
-1281
-2561
-3073
-2305
-2305
-2817
-1793
-769
-1025
-1537
-1025
-1281
-1281
-257
0
256
1280
2560
2304
2048
2048
1792
1536
1792
1536
1280
1792
2048
1280
512
256
-257
-769
-1025
-1537
-1793
-1025
-769
-1281
-1281
-1025
-1281
-1793
-1281
-1025
-769
0
768
512
512
1280
1024
768
1024
1280
1024
1536
1792
1280
1024
1280
1024
0
-1
-1
-257
-513
-257
-513
-769
-513
-769
-1281
-1281
-1025
-769
-513
-257
-1
0
256
256
256
512
512
768
1024
1024
1024
1280
1280
768
512
512
256
0
0
0
-1
-1
-1
-513
-769
-513
-513
-1025
-769
-513
-513
-513
0
0
-257
0
256
0
0
768
1024
768
768
1280
768
512
768
768
256
256
512
256
-1
-1
0
-257
-769
-513
-513
-769
-769
-1
-257
-513
-257
0
-257
-1
256
256
0
512
768
512
512
768
768
512
768
768
256
256
512
256
0
0
0
-513
-257
0
-257
-769
-1
-1
-769
-513
0
-257
-769
0
512
-257
-257
768
768
-257
512
1536
256
-257
1024
1280
-1
0
1280
512
-513
256
1024
-257
-769
512
256
-1281
-513
512
-257
-1281
0
256
-769
-769
512
0
-513
0
768
-1
-1
768
768
0
512
768
256
256
512
256
0
512
256
-1
0
512
-257
-257
256
0
-769
-257
512
-513
-1025
512
512
-1025
-257
1024
0
-1025
512
1280
-513
-513
1280
768
-769
256
1792
0
-769
1024
1280
-769
-513
1280
256
-1025
0
1024
-257
-769
512
256
-769
-257
512
-1
-513
0
256
-1
0
256
0
256
256
0
0
512
0
-257
512
768
-257
-257
1280
512
-1025
256
1536
-513
-1281
1024
1024
-1537
-513
1792
0
-1793
512
1792
-1025
-1281
1792
768
-2049
-257
2304
-257
-1793
1280
1792
-1281
-769
2048
512
-1793
0
1792
-769
-1537
1024
1024
-1281
-257
1280
-1
-1025
256
768
-769
-513
512
0
-513
256
256
-257
0
512
-1
-1
512
0
-513
256
512
-257
-1
1280
256
-513
768
1280
-513
-513
1280
512
-1025
256
2048
-1
-769
1536
1536
-769
-257
2048
256
-1281
512
1792
-257
-769
1536
1280
-769
0
1536
0
-1025
512
1024
-513
-513
768
256
-513
-1
512
-1
-513
-1
-1
-513
-513
-257
-513
-257
-257
-513
-1
0
-513
-769
-1
-513
-1537
-769
0
-769
-1281
256
512
-1025
-513
768
-1
-1793
-1
768
-1025
-1025
1024
1024
-769
0
1792
256
-769
768
1536
-257
-257
1792
1280
-1
1024
2304
1024
256
1792
1792
256
512
1792
1024
256
1280
1792
1024
1024
1792
1536
768
1024
1024
512
256
512
256
256
768
768
256
512
512
-1
-257
-1
-513
-1281
-769
-257
-769
-769
0
-1
-1281
-1025
-513
-1793
-2305
-1537
-1281
-2049
-1793
-513
-769
-1793
-1025
-513
-1537
-2049
-1025
-1281
-1793
-1281
-513
-769
-1025
-257
0
-257
-257
0
-1
-257
-1
0
0
0
768
1024
1024
1536
1536
1536
1536
1280
1024
1024
1280
1280
1536
2304
2560
2304
2560
2816
2048
1536
1536
1536
1024
1280
1792
1792
1792
2048
2048
1536
1024
768
768
0
-1
256
256
0
256
768
0
-257
0
-257
-1281
-1025
-769
-1793
-1537
-1025
-1281
-1537
-1025
-1025
-1537
-1281
-1537
-2049
-2049
-2049
-2305
-2049
-1793
-1793
-1281
-769
-1025
-1025
-769
-1281
-1537
-1281
-1537
-1793
-513
-257
-513
256
1024
0
256
768
-1
-257
512
256
0
1280
1792
1280
2048
2560
1536
1536
2048
1024
1024
1792
1536
1280
2560
2304
1536
2816
2304
1280
2048
2048
512
1024
1792
256
256
1792
1024
256
1792
1280
-1
768
512
-1281
-513
0
-1281
-1025
256
-513
-769
512
-257
-1793
-513
-1281
-2817
-1537
-1025
-2561
-1281
0
-1537
-1281
256
-1281
-2305
-257
-1281
-3073
-513
-257
-2049
-1
1024
-1025
-257
1536
-513
-1025
1024
-257
-1537
1024
768
-769
1536
2048
-1
1280
2560
0
256
2304
0
-513
2304
1024
-257
2816
2304
-1
2304
2816
-513
512
2304
-769
-769
2304
0
-769
2560
1280
-1025
1536
1280
-2049
-1
768
-2305
-1281
1280
-1281
-1537
2048
-257
-2049
1280
-1
-3073
-1
0
-3073
-769
1280
-2049
-1025
2304
-769
-1793
2048
-257
-2817
1024
256
-2817
512
1792
-1537
256
3072
-257
-257
3072
-1
-1537
2304
512
-2049
2048
2304
-1025
1792
3584
-257
512
3328
-513
-1025
2816
-1
-1793
2560
1280
-1537
2304
2560
-1537
512
2304
-2049
-1537
2048
-1537
-2305
2304
0
-2305
1792
1024
-2817
0
1024
-3329
-1537
1280
-2561
-2049
2048
-769
-2049
2048
0
-2817
768
256
-3329
-257
1280
-2561
-769
2560
-769
-1025
3072
0
-1793
2304
512
-2561
1280
1792
-1793
768
3328
-257
0
4096
256
-1025
3072
512
-1793
2048
1536
-1281
1536
2816
-257
768
3072
-257
-513
2304
-769
-1793
2048
-1
-1537
2048
1280
-1537
1024
2048
-2049
-1025
2048
-2049
-2561
2048
-769
-2561
1792
768
-2049
256
1280
-2049
-1281
768
-1793
-2049
1024
-1025
-1025
1536
-257
-513
1280
-1
-1281
256
256
-2049
-1
2048
-1537
-1
3584
-257
-769
2816
512
-1537
768
1536
-1537
-257
2816
-1
-257
3072
512
-1
1536
256
-1
256
-1
-1
256
768
-257
1024
1792
-1025
512
2048
-1793
-513
1280
-1025
-1281
1024
1024
-1281
256
2560
-1281
-513
2048
-1281
-1281
512
-513
-769
-1
768
-1
-257
1024
-257
-257
512
-1281
-1
0
-1281
512
256
-257
512
768
512
-513
512
768
-2049
256
1280
-1793
256
1536
-1
0
1024
1280
-769
-1
1536
-1537
-513
1280
-513
0
768
512
768
-257
768
512
-769
256
-1
-1
-1
-513
1536
0
-769
2048
512
-769
256
512
-257
-1537
768
1024
-2049
768
2048
-1025
0
1024
0
-1025
-513
1024
-1025
-1281
1536
0
-1
768
512
1024
-769
0
1280
-1281
-513
768
256
-257
-1
2048
0
-1537
2304
256
-2049
256
512
-769
-1025
512
1024
-1537
256
1792
-1025
0
512
0
-1
-769
1024
512
-769
1280
1536
256
256
1024
1280
-1025
-1
1536
-1281
-769
1280
-257
-513
256
512
-257
-1281
256
-513
-1793
-1
-257
-513
-1
-1
1024
0
-1
1536
0
-1
1280
768
512
512
1536
1024
0
1792
1024
-257
1024
256
-257
-1
-769
-257
-1025
-1537
-257
-1025
-1281
-769
-513
-513
-1537
-1
-1
-2049
256
1024
-513
1280
2304
1024
1280
2304
2048
512
1792
2048
256
1792
1536
256
1536
0
-257
256
-1281
-1793
-1025
-1537
-2817
-1793
-513
-3073
-2049
0
-2561
-2049
512
-769
-769
1024
1280
256
1792
2560
1280
2560
3072
2048
3328
3072
1536
2560
2048
-1
768
1024
-1537
-1025
256
-2049
-2561
-513
-2561
-4097
-2049
-2561
-4097
-2049
-1281
-2305
-257
0
-769
1024
1280
512
2048
2816
1792
3072
4608
2816
2816
4864
2048
1280
3328
768
-1
1536
-1
-1537
-513
-1281
-3585
-2561
-2305
-4609
-2817
-2049
-4097
-2049
-1281
-3073
-1281
-1
-1025
-257
2048
1280
1280
4608
3072
2048
5120
3328
2048
4096
3072
1536
2816
2560
256
768
1024
-2049
-1537
-769
-3841
-2817
-1793
-4097
-3329
-2049
-3329
-3585
-1281
-2049
-2817
256
-1
-769
2304
2048
768
3072
3328
1792
3328
4352
2304
3328
4608
1536
2048
2816
-257
-257
512
-1281
-1793
-257
-1793
-3073
-1281
-2561
-4353
-1793
-2561
-4097
-1281
-1025
-2049
0
768
-513
512
2304
256
1280
3584
1280
2048
4352
2048
2048
3584
1792
512
2304
1280
-769
768
0
-2561
-513
-513
-3073
-1537
-1025
-3073
-1793
-257
-2049
-1793
0
-1793
-1793
768
-257
-257
2304
1280
768
2816
2560
768
2048
2048
-1
1536
2304
0
1280
1792
-1
256
1024
-769
-1537
-513
-1793
-2305
-257
-1025
-1793
-1
-769
-1281
0
-1
-1025
-1
0
-513
512
1280
0
1024
1792
512
1536
2048
512
512
768
-1
0
768
-1
-257
768
-1
-1
1024
-257
-1025
-257
-1025
-1793
-257
-257
-1281
0
512
-257
1024
1280
-513
-1
256
-769
-1
1280
-1
0
1792
768
256
2048
512
-1025
512
-1
-1281
256
256
-1025
0
1024
-257
512
1280
-1025
-1025
256
-769
-769
512
-257
-769
1024
1024
0
1280
768
-1025
0
256
-1025
-1
512
-513
-1
1536
768
256
1280
0
-1025
0
-1
-1025
-257
0
-257
512
1280
512
256
256
-513
-513
0
-1
-513
-257
0
256
768
768
768
256
0
0
-1
-1
0
-513
-769
512
768
512
1280
768
-257
0
256
-769
-513
0
-1025
-257
1536
768
0
1024
256
-769
256
256
-1281
-1
512
-1537
-257
2048
0
-257
1536
0
-513
1280
-513
-2305
256
0
-1793
1024
2304
-257
256
1280
-1025
-513
1024
-1025
-1537
1280
256
-1281
1536
1536
-1537
256
1536
-769
256
1792
-1793
-1537
1792
-513
-1537
2560
1792
-769
1536
1280
-1281
256
512
-2561
-257
2816
256
-257
2304
768
-1281
512
512
-1281
512
1280
-1793
-257
2304
-1281
-1793
2048
256
-1281
2304
1024
-1793
512
-257
-3585
256
2560
-1537
-257
3328
256
-1793
512
-513
-2305
1024
768
-2305
1536
3328
-2561
-2305
2560
-769
-2049
2816
0
-2049
2560
0
-4353
1024
2048
-3073
768
4352
-513
-513
2048
-1793
-2305
2048
-257
-1281
4352
2816
-2817
768
3328
-2561
-1281
3072
-513
0
4864
-1025
-3329
4096
256
-5121
2304
4096
-2049
1280
2560
-3585
-769
2560
-3329
-2049
4864
1024
-2561
2560
1536
-4353
-769
1280
-2561
512
4096
-1793
-1025
4096
-2305
-5121
3072
1280
-3329
2560
2048
-3073
1280
768
-6145
-513
4864
-2049
-1793
4608
256
-3329
768
-1025
-3841
2304
2816
-3073
1280
5120
-3073
-3585
3328
-769
-2817
4352
2048
-2049
3840
1280
-5121
1280
3328
-3585
512
6144
-1
-1025
2560
-1281
-2305
2560
-257
-2817
4096
3840
-3841
-1025
2560
-2561
-2305
2560
-769
-769
4608
-769
-5377
2048
512
-5889
768
3840
-2049
768
3072
-3073
-1793
2048
-2817
-2817
4352
1280
-3073
2048
2304
-3329
-1025
1536
-1537
0
3328
-1793
-2561
3072
-1281
-5633
1024
1792
-2305
1536
1536
-3073
256
768
-5121
-1793
3584
-513
-1281
3840
1024
-1793
1280
0
-2561
1280
2048
-2049
256
3328
-1537
-2817
2560
256
-2561
1792
1024
-2561
256
-769
-5633
-1537
768
-3329
-2049
2048
-513
-2305
-257
-3073
-3841
-257
-1793
-3329
512
1536
-1281
-1
2048
-1
-1
2560
256
-257
3072
768
-1537
2304
2560
-257
2560
4608
1280
1280
2816
-1
-769
1536
-257
-1
3840
3584
2048
4096
4608
3072
3072
3840
2816
3584
5632
4352
4352
7936
7168
5888
8448
8448
6656
7424
6912
4608
4864
6144
4096
4608
7680
6144
5120
6656
5120
2816
2560
1536
512
768
1280
1024
1536
3072
2304
1536
2560
1536
512
768
-1
-513
256
512
0
1280
3072
1792
1280
2048
0
-1281
-1537
-3329
-4097
-3329
-3329
-3585
-3073
-2305
-3073
-4353
-4097
-5377
-6401
-6401
-6657
-5889
-4609
-3841
-2305
-769
0
512
1024
1536
1024
1024
1792
1536
2816
5120
5376
6912
8704
9216
8960
8704
8704
7680
6912
7936
7680
8448
10240
11008
12032
12800
13312
13312
12544
12544
12544
12032
12800
13568
14848
16384
17408
19200
19712
19456
19968
19456
18432
18176
17920
18176
18176
18944
19968
19712
19712
19456
17920
16640
15104
13568
12288
11008
11008
11008
10496
11008
11008
10240
9728
8704
7680
5888
4864
4864
4096
4096
5120
5376
5632
5888
5632
5120
3584
2816
1792
512
256
0
256
512
512
1024
512
-1
-513
-1793
-3073
-3585
-4097
-3841
-3329
-2049
-513
256
2048
3584
4352
5632
6912
8448
10496
12800
15872
19200
22272
26112
29184
32000
-31232
-29184
-27648
-26880
-25600
-24320
-23808
-22528
-20992
-20480
-19456
-18944
-18688
-18944
-19200
-19200
-19200
-18688
-17408
-15616
-13056
-9728
-6400
-2304
1281
5121
9473
13057
16897
20993
25089
28929
-32767
-28927
-26111
-24319
-22527
-22527
-23807
-25599
-28671
-32511
28673
23809
18689
13057
7169
1281
-4864
-11264
-17664
-23808
-29696
30208
25600
21760
18432
16384
15104
13824
13568
13312
13056
12800
12544
12032
11008
10240
8960
6912
5120
2304
-769
-4353
-9217
-14337
-19457
-25345
-30977
29439
24831
20735
17663
15871
14847
14847
16895
18943
22783
27903
-31745
-24577
-16129
-7425
2048
11776
21760
31488
-24832
-16384
-9472
-3072
1793
4865
7169
7681
6657
5121
2049
-2560
-7680
-13568
-19968
-27136
31744
25344
19200
14336
10240
7168
6144
6144
7424
10496
14592
20224
26880
-30976
-22272
-12800
-2560
7681
17921
28673
-27391
-17919
-9215
-2047
4354
9730
13570
16642
18434
19202
18178
16898
15106
12034
8706
4610
2
-4607
-9471
-14847
-19455
-24319
-29439
31745
26881
22017
17153
12289
7169
1537
-4096
-9984
-16640
-23040
-30464
27136
19200
10240
1024
-8449
-18689
-28929
26111
15615
5119
-5122
-14850
-24322
32254
24062
16126
9470
3582
-2051
-6403
-9475
-12291
-13827
-14339
-14339
-13571
-12035
-9987
-7939
-5123
-2051
766
4094
7166
9982
13566
16382
18942
21758
23806
25598
27134
28414
29182
29694
30206
30206
30206
30206
29694
29182
28414
27390
26110
24830
22782
20990
18686
16382
14078
11518
8702
5886
3070
510
-2563
-5379
-7683
-10243
-12291
-13571
-14595
-14851
-14339
-13059
-11267
-8707
-5379
-1795
2558
7422
12542
18174
23806
29694
-29954
-24322
-18946
-13570
-8706
-4354
-258
3071
6399
9215
12031
14847
17407
20735
24063
27647
31999
-28929
-23553
-17665
-11265
-4353
2816
10752
18688
27136
-30208
-22272
-14848
-7936
-2048
3073
7169
9985
11521
11777
10753
8705
5121
513
-5120
-12032
-19456
-28160
28160
18176
7680
-2817
-14337
-25857
27647
15615
3071
-9474
-22274
30462
17406
4350
-8451
-20995
32253
20221
8957
-3076
-13060
-22020
-29444
30716
26364
23548
22268
22524
24316
27644
32764
-26372
-18692
-11012
-2052
7421
17149
27645
-27139
-17411
-7171
3326
13310
24318
-31746
-22274
-13058
-3586
6399
15615
24575
-31233
-19969
-8449
2560
13312
25088
-28928
-15616
-3328
8705
19457
28673
-27391
-17919
-8703
514
7426
12546
19458
24322
27394
28674
28930
28674
27138
25346
21762
16386
9730
3586
-767
-5887
-11263
-16895
-22783
-28415
-30719
29953
24833
18689
11777
5121
-1536
-7424
-12032
-19456
-29440
30464
23808
18944
14336
9984
3840
-1025
-4865
-6145
-7937
-9473
-11521
-12033
-8961
-3073
4352
8448
11264
20480
26368
31744
-25856
-23552
-20992
-21248
-20736
-12032
-4096
2817
10753
8193
8961
9217
11521
14337
16641
21249
24833
24321
28673
25857
22785
21505
19969
25857
22017
14081
10497
-768
-7424
-6400
-12032
-8960
-11520
-11264
-8448
-13056
-19456
-26368
22528
13312
1792
-4865
-8705
-6913
768
-4353
-15617
-19201
-18177
-8705
-1281
-6913
-12289
-30977
26879
-31233
-27393
-23297
-23553
27647
26623
27391
26367
13567
-10754
-20738
-14850
-14594
-18178
29438
13566
7678
12542
25854
22782
22014
31486
-30722
-31746
30974
23294
-18690
-258
28927
-16641
-20737
-23297
-22529
31487
-25601
-19201
-11265
-7937
-22017
-21249
30207
9983
-2
3327
27903
-18945
-28673
20479
-11778
-8194
14847
10239
2559
-12034
-9474
-23041
20736
3073
11009
-25600
9216
-11521
-25601
-10241
-6401
3072
-2561
-31745
-1282
-16899
-25604
-10757
-9989
-32004
18941
-14083
26366
-25602
24063
1536
20480
-15872
769
25345
1282
-30462
4355
11011
-32510
2050
32257
6145
-1536
-16128
-32768
-17409
32510
18685
-29444
18173
-5634
14336
18688
15103
2814
-7683
-6915
-18946
-32513
-11776
13059
-22267
17159
-22009
-9210
-13051
-5372
-10493
27907
26882
24833
9728
5631
19198
12286
-19201
7428
-27893
15125
29469
-25312
10270
22295
-2801
-3831
-17403
18948
-31740
-10235
2311
11782
12547
21759
-20997
-29191
-32008
18680
1017
24057
4090
7930
30970
-30981
12287
23558
17
-13540
-21465
-10195
-8915
2857
13345
21274
32020
19216
15117
29450
-15098
-5375
12539
-10508
29168
3310
9965
2028
10731
-7702
-21013
-27922
22003
-22791
-19456
19465
-6637
17696
-11221
-5068
-26824
5431
29745
-27096
-1249
13080
23058
-5620
-13306
-16642
-14858
32238
-12568
2278
-14619
-10778
-32025
-2073
32743
-6938
5863
30954
-25359
1277
23563
4892
22060
5945
64
-27841
-10183
-27601
-15583
-29932
4107
-763
28417
14585
-12307
19940
6110
24028
32220
-25123
2015
17376
8417
-6176
19424
-7714
25055
-22045
-5394
-4353
-2028
-28121
20277
7995
20792
16174
18973
-2040
-9
1775
8172
17642
1508
17884
25303
-25898
20696
3802
-18469
-26403
-29985
-5408
-23327
-22302
7395
17123
11748
5865
-13838
-18687
-29936
28957
-19420
11044
-32229
29451
-30983
-25876
26855
-17435
-27164
-20512
8926
27613
-27682
-33
-28703
16355
12773
-3098
28392
-8983
21483
17901
5615
-2320
-11534
32246
16895
21260
-22757
-5081
-16853
32037
24085
-30463
-271
-17174
-17688
20457
-19224
20201
-30486
19692
24813
-18962
9968
20721
29426
-23821
2293
-21515
-23818
-16649
29690
20476
2558
-19711
-21239
-8683
-1758
9515
-11990
-4321
9230
26621
-29453
-5904
15346
12531
4340
9205
-18954
-8713
12537
-14086
-773
-6404
31229
-12290
-16129
-25344
-19712
-12798
-6652
-29177
-8439
-4339
12565
-20194
-9946
27178
17190
20762
9996
-2049
19962
32249
27898
4347
-15109
-24324
-28163
-13826
11264
13825
-20479
-16639
17922
26627
-16892
-27643
17416
12811
-5362
22034
32534
7196
20258
4135
1577
-20698
-13026
788
-27641
14847
7675
-28166
-32518
-11782
-24838
30970
27130
-20998
13819
15099
14331
-5126
21499
-9989
16381
24576
-26876
-25079
-27121
9750
25116
22560
-7904
-21474
4122
3859
6922
2303
-4363
20976
16366
-788
29932
32747
1515
-3094
16619
27115
3307
-5654
30442
-24598
32490
6124
-18961
-12811
29949
-12537
23058
-6886
-15330
-24291
-11240
20497
25096
23293
22001
8679
4577
12510
31708
28123
-21798
-21542
28635
-13860
-10787
-17698
-9505
-14368
-28959
-8735
-1565
-32280
30192
18171
24330
-12263
31526
-8660
2605
9000
12063
-3565
20485
-18187
14056
8928
-31013
2265
16343
15318
-10027
26838
-32041
24024
23513
-28966
-1829
-7204
-23331
-30753
-14365
15339
-27402
14855
8729
-18392
30514
18998
-27596
-1747
25635
-19949
-7935
-1039
-7705
-21279
-14882
11485
-4900
14557
-32034
4064
30433
-12318
9444
-14875
-14618
-6937
11497
-6421
13808
3320
-19196
-29933
21537
-26069
-1999
820
-26831
32042
-24291
31757
30718
-5645
13293
-11543
26344
30440
-3096
15338
31723
-13844
-9235
-7186
9200
4849
15602
7923
-23820
5110
-30727
-6145
17416
-31216
3096
8478
12834
16931
-14816
-15079
-22513
-4347
24318
27129
-19978
-1035
24566
13815
26104
28409
-31750
13307
-5381
-19972
26109
5374
-26882
29439
-14593
-13568
-4606
-4347
-9464
25612
-1777
1299
-31468
26900
-14575
14349
-12536
-1788
24834
-29184
3328
-9729
2560
16384
28928
-28928
21760
12544
11008
17920
7936
0
10752
3584
5376
-29952
-512
11521
-255
12803
29444
15621
-3323
-22779
-29692
-28413
-28158
-1279
28417
31745
22529
28673
30977
-20735
-9727
-10751
-11775
-8447
-4095
-22271
-32255
-30719
26625
17153
30721
28673
15361
18177
28929
30465
27905
-15359
-18687
24833
9217
-13312
-29184
22016
22528
7168
-5633
-20737
-27905
32767
28927
24575
22527
17919
-258
-7426
-3842
-7426
-10242
6399
13823
23039
-24833
-6913
-7681
-5377
13312
17664
19200
29696
31488
-30208
-18688
-1536
8705
20225
31233
-29439
-20735
-8191
2306
14082
24322
25858
32514
-18686
-10750
-766
18179
-31997
-13565
10756
-31740
-23548
-13564
-3324
-7932
-10492
-7164
-13052
-14588
-7932
-764
4869
15877
26885
25093
27397
30469
26629
27397
-32763
30981
29189
29957
23813
15365
9733
2309
-5884
-5884
-3068
-4092
1029
3589
-5116
-11260
-19196
29956
18692
12548
5124
-253
2820
4356
-4093
-5373
-9981
-26365
29443
23043
7939
-7934
-23038
18178
-12799
23297
-6912
23808
-2817
-22785
21759
8959
-3330
-21506
27902
7934
-15875
30973
17149
5117
-3332
-4100
-7940
-17924
-19716
-27908
20988
13564
7676
-1797
-6917
-8197
-14341
-24325
-29445
29435
17659
16635
19963
21243
32251
-19973
-8453
7164
23804
-23300
-2308
23805
-13059
15870
-16130
13055
-29185
-1281
18688
-29952
-5632
16641
-27903
-2303
23810
-20478
-3582
16643
29955
-28925
-13565
-2301
3588
16644
25092
28164
32004
-30972
-29948
-30716
-26876
-23292
-23804
-18428
-17660
-22012
-21756
-27388
-32764
32516
31236
-31996
-26876
-20476
-14332
-10492
-1532
2053
3845
14597
18437
21765
31237
-32251
32005
29701
23557
12805
-2812
-14332
-31228
11268
-5373
-29437
7427
-17918
15874
-16639
16641
-17152
18176
-14593
21503
-6402
28158
3582
-23555
17149
253
-21252
29436
19964
6396
-2309
-11269
-20229
-30469
22267
15355
2555
-11782
-17670
-31750
19962
10490
-4359
-16903
-31239
21241
11513
-2056
-8200
-13064
-19208
-17160
-17416
-12552
-2056
5113
22009
-25095
-8711
15098
-29190
-6662
14843
32507
-10757
1788
13052
27900
30972
-30724
-27908
32252
28412
18172
8956
-517
-16133
-24325
30203
18427
15099
7163
5627
8443
8699
19707
29179
-24581
-6405
7932
28156
-19204
-3076
19197
32253
-18179
-1539
5118
15358
20478
21502
24318
18686
17150
13054
3838
2046
-4355
-9219
-8451
-12291
-7683
-2819
1022
14846
24318
-26626
-7938
6911
29183
-18177
256
24064
-26112
-6656
11777
23297
-26623
-18431
-10495
-2303
-3071
1282
1282
-3071
-2303
-8447
-11263
-14079
-22271
-21759
-26367
-30719
-27903
-30975
-29183
-26623
-25855
-18687
-17919
-13567
-6143
-6399
1794
6146
8194
14338
13570
17154
19970
16642
20482
18690
15362
16386
11266
11010
9218
4610
7426
4354
3842
7426
6402
10498
12290
14594
20994
20226
25602
31234
30978
-28414
-26366
-23806
-19454
-20734
-16894
-16638
-20478
-17406
-20222
-22526
-23038
-27646
-27390
-30462
-32510
-30206
31746
32002
-32766
31490
-30462
-30974
-27646
-22782
-23550
-17662
-13054
-11774
-6142
-5374
-3582
-2302
-5374
-3326
-5118
-8190
-6910
-8446
-7422
-5886
-3582
2307
3587
9475
18435
23043
-32509
-23549
-14333
-1533
8964
24324
-25852
-15612
-508
12293
22277
-31227
-22523
-13563
-7675
-4091
2054
3846
5638
7686
6150
5126
774
-1531
-1787
-6907
-7419
-5883
-6907
-2811
2054
7686
14342
17670
24070
29190
30470
-32250
-31738
31750
28934
26630
24582
17670
10502
3078
-9467
-22011
29189
11781
-6396
-29436
14340
-6141
-30461
14339
-5118
-28414
15618
-4607
-23551
23809
6145
-8960
-24320
27136
16384
7680
-1
-9985
-18177
-25601
28159
18431
9471
-3842
-15874
-26626
28670
19966
9982
1278
-6915
-18179
-28419
27901
15101
-4
-13828
-27140
23804
12796
4860
-4101
-11525
-17413
-21765
-24069
-26885
-27909
-27909
-31493
-32261
-28677
-27141
-25349
-21765
-19973
-18949
-17413
-15877
-15109
-15877
-16901
-15877
-14085
-12549
-8197
-2309
508
5372
12796
17148
21244
25340
28668
-32260
-26628
-18948
-8196
1533
12029
25597
-27139
-15363
-1795
9470
16638
23294
30462
-28674
-21250
-14850
-8706
-2050
3071
9727
18175
23807
28671
-30209
-24833
-19457
-11521
-3329
3584
11520
18688
26368
-32256
-28160
-23808
-20480
-19712
-16896
-12544
-10240
-7424
-3072
513
4609
8705
11777
13825
12801
10497
11009
11265
10753
13057
15617
16385
20225
26881
32001
-29183
-25087
-22015
-19455
-17919
-14847
-11263
-10239
-8959
-5375
-3839
-3583
-1023
2
-1535
-2303
-2303
-2303
-3071
-3327
-1279
258
514
4098
7682
6914
7170
9986
10242
10754
14850
17922
19202
22530
27650
-32766
-28926
-26110
-23550
-24574
-27646
-28926
-31486
27650
22018
16642
8706
258
-6655
-14335
-24319
30465
20737
9985
-2560
-13056
-21504
-32768
22784
16640
8960
0
-5633
-11777
-19969
-26625
-32001
26623
18943
11775
5375
-1794
-9218
-15874
-24066
30462
19454
9214
-2819
-15363
-26883
26365
13565
1789
-7940
-17156
-26372
31484
24828
16636
9468
5628
1276
-3589
-5381
-6149
-8453
-8453
-6149
-5637
-4613
-1797
252
764
2300
4092
5116
5884
8188
10748
11772
13308
15868
17404
18940
22524
25852
28156
30972
-29700
-24580
-19460
-12292
-3588
4093
11005
20989
30973
-26883
-16643
-4867
3582
11774
23038
32766
-24578
-14850
-4354
2815
9471
17407
23807
28159
-31745
-25601
-21761
-18433
-13569
-9217
-6145
-2049
3072
7168
10496
14336
18688
22016
25344
30976
-29440
-26624
-23040
-17408
-14336
-12032
-6912
-2816
-2816
-1280
1537
1025
257
2305
3329
769
1
513
-1792
-4352
-4352
-5120
-8448
-10496
-11264
-13568
-15872
-16128
-15616
-16896
-18176
-17920
-18176
-19968
-20224
-18432
-19456
-21760
-20736
-20736
-23552
-23552
-20992
-22528
-25088
-24064
-24832
-29184
-29696
-28160
-31232
31488
32512
30976
26880
27392
28928
26624
25344
26368
24576
21504
21760
22784
21504
20992
21760
21504
19968
20224
22016
22528
21248
21760
22272
19712
18432
20992
21504
19456
21504
22784
19200
18688
22016
20736
18432
20736
20480
15616
16128
18688
16640
16384
19712
18176
14592
16128
16640
14336
15104
16896
14592
12800
13824
13568
13568
15616
16640
15616
14848
13824
13312
13568
13824
14336
14592
12800
11776
12800
12544
12032
14080
14080
9984
8960
9472
6144
6144
9728
8192
4864
6912
6400
2560
5376
8704
4608
3072
5632
2304
-257
4352
6400
3584
5888
7936
3584
2816
6912
6400
4608
6656
5888
2560
2816
5120
6144
6656
7680
7168
5120
3072
3584
5632
5120
4096
6144
4864
1536
4864
8960
6656
7424
11520
7424
2560
7680
9472
5376
9472
14080
8192
6144
12800
11520
8192
13824
14848
7168
6656
9984
6656
6144
11776
11520
6912
7424
7936
5376
5632
7936
7424
4352
2304
2560
3072
2816
5120
8704
5888
2304
4608
4096
256
3584
7680
2304
-1
4608
2304
-1281
5632
8448
1024
768
4096
-2305
-5121
2048
1792
-3329
-1
1024
-4609
-3585
2304
512
-1793
256
-1025
-5377
-3841
-257
256
1024
2304
2304
768
256
2816
4864
3072
2560
4096
1280
-1281
3328
6144
3072
4864
7680
1792
-1025
4352
3584
-513
3328
4864
-2049
-1281
4352
2048
768
6912
5376
-769
1024
3584
0
1536
6144
4096
1280
3328
4096
2816
4352
6144
4352
1536
512
256
0
-1
1536
2560
-257
-2049
-257
-1281
-3585
-513
-1
-5121
-5633
-2561
-5121
-5889
-1
0
-4353
-2049
-513
-4865
-3841
768
-1025
-3841
-769
-1025
-4353
-1281
1536
-513
-1281
0
-2049
-4609
-2817
-1793
-2817
-2817
-2561
-3329
-4097
-3585
-2049
-1537
-2561
-2561
-2305
-3841
-4097
-1025
-257
-1537
256
1280
-1281
-769
2304
1024
-1
2048
1280
-1793
-1
1792
0
256
2304
256
-1793
-257
-257
-2049
-1281
-257
-2305
-3073
-1793
-1793
-2049
-769
-257
-1025
-1537
-1281
-1025
-1025
-513
-1
0
-513
-513
256
-1
-257
512
0
-1537
-1281
-1025
-2305
-2305
-1025
-1793
-3329
-2305
-2561
-3841
-3073
-2049
-3329
-3841
-2817
-3329
-3585
-2305
-1537
-2049
-1793
-1025
-1537
-1537
-769
-769
-1025
-769
-769
-1025
-1025
-769
-769
-1025
-1281
-1281
-1793
-2305
-2305
-2049
-2305
-2561
-2049
-2049
-2561
-2305
-1537
-1793
-1537
-1025
-1025
-1537
-769
-1
-257
-1
512
0
0
512
512
256
256
256
-1
-257
-1
-513
-513
-769
-769
-1281
-1281
-1537
-1793
-1537
-1793
-1793
-1537
-1537
-1281
-1025
-769
-769
-769
-257
-257
-257
-257
-1
-257
-1
-1
-1
-513
-513
-513
-769
-1025
-1281
-1537
-1537
-1793
-2049
-1793
-2305
-2305
-2305
-2049
-2561
-2305
-2049
-1793
-2305
-1537
-1281
-1281
-1281
-769
-769
-769
-513
-257
-257
-257
-257
-257
-1
-513
-257
-513
-769
-1281
-513
-1025
-1281
-1281
-769
-1793
-1281
-1025
-1025
-1793
-769
-1025
-1025
-769
-513
-513
-513
-257
-257
-1
-257
0
-1
256
-513
0
-1
-1
-769
0
-513
-769
-769
-257
-1537
-1281
-769
-1281
-1793
-1025
-1281
-1793
-1281
-1281
-1281
-1537
-1025
-1281
-769
-1281
-769
-769
-257
-1537
-257
-513
-513
-1281
0
-769
-1281
-769
-257
-1537
-1025
-513
-1281
-1537
-1025
-769
-1793
-1025
-1281
-1025
-1537
-769
-1281
-257
-1537
-769
-769
-1
-1537
-257
-257
-769
-1025
256
-513
-1025
-1
0
-1025
-769
0
-769
-769
-513
-1
-1281
-257
-1025
-257
-1025
-513
-1281
-1
-1281
-769
-513
-257
-1537
-257
-1
-1025
-1025
0
-513
-1537
-1
-513
-769
-1025
0
-1025
-257
-1025
-257
-1025
-257
-1281
-1
-769
-1025
-1281
0
-1537
-1281
-1
-257
-1793
-513
0
-1793
-1025
-1
-257
-1793
-1
-769
-769
-1281
0
-769
-257
-1281
-257
-769
-769
-1281
256
-513
-1537
-513
0
-1793
-1281
768
-769
-1793
-1
256
-2305
-257
256
-257
-1537
256
-769
-1025
-769
256
-769
-257
-769
-257
-769
-769
-513
512
-513
-1281
256
-257
-1793
-257
1280
-1537
-1025
512
-513
-2817
768
256
-1281
-769
1024
-1793
-1537
0
0
-1281
-1
-513
-1281
-1025
-769
-257
0
-769
-1281
0
-1537
-1793
0
768
-2305
-257
256
-2049
-2561
1536
-513
-1793
512
0
-3329
-513
768
-1537
-769
1280
-1281
-2561
256
-513
-1537
512
768
-1793
-513
-257
-1025
-257
1024
-257
0
-513
-1537
-257
1280
-1025
256
2048
-1537
-2817
1792
512
-2817
2048
2816
-3585
-2049
2816
-1537
-2561
3072
1536
-3841
-257
1024
-2305
-1025
2304
-1
-1281
-769
-1281
-1281
-1
-513
512
512
-2817
-2049
1024
-1537
-2305
3072
256
-4865
-513
1792
-4609
-1281
4608
-1537
-5121
2048
-257
-5633
512
4096
-2817
-2305
2048
-2049
-3841
1280
1792
-1025
-257
-257
-1025
-1025
-769
768
2816
-1025
-2305
1792
-1
-4353
2816
5120
-3329
-2049
4864
-2049
-5377
4864
4352
-4609
0
4352
-4097
-3329
4608
1536
-2305
1536
768
-3073
-1025
1280
256
1024
256
-1281
-257
-1281
-2049
2048
2048
-2817
-769
1536
-4353
-3073
4096
-1
-4097
2048
512
-7169
-769
4096
-3073
-2561
3584
-2049
-6145
1280
1792
-3073
768
2816
-2817
-3329
256
-257
-257
1024
-1
-257
-513
-2305
-1
2560
-513
-513
2816
-1793
-4865
2304
2816
-3329
768
4864
-3073
-3585
3840
512
-2817
3584
2816
-4353
-1025
3072
-1025
-257
4096
1024
-1793
768
-1
-1537
1024
1536
-1
-257
-1281
-1281
768
0
-769
1792
512
-3841
-1537
1024
-3073
-1281
3840
-1537
-4865
1792
1792
-4353
0
4608
-2049
-3841
1280
-769
-3841
1792
3072
-1793
-1025
1280
-257
-1793
-257
512
0
-1537
-2305
-769
-257
-769
1024
2048
-1537
-1537
2048
-1025
-3585
1536
2560
-2305
-769
2048
-257
-1
4096
2048
-1537
1536
2048
-2561
-1025
2048
768
0
1024
0
-257
1536
1280
-257
-769
-257
-1025
-1537
-1793
-1025
1536
1024
-769
0
768
-257
-1
512
-1281
-1025
512
-1
-2049
512
3328
1024
512
768
-1
-513
0
-1281
-2049
-257
0
-769
-1281
256
768
768
0
-2305
-1537
-257
-1793
-2305
-769
0
256
1024
256
256
1536
2560
0
-1537
0
256
-257
0
512
1536
2816
2048
0
256
1024
768
-1281
-2049
-1025
-769
-1
-257
-1
1280
1792
512
-513
-1025
-513
0
-1281
-1793
-513
1280
1536
256
2048
2560
1536
1280
-1
-1793
-513
1024
-1025
-1537
512
2048
768
256
1024
-257
-1
-257
-2817
-3585
-1281
-1
-1281
-769
512
1792
1024
256
-257
-513
256
-769
-1793
-1025
256
1792
1792
768
1536
3072
1536
-1
-513
-513
-513
-769
-513
-1537
0
2560
768
-257
1024
1024
-1025
-1025
-1793
-2049
-513
512
-257
-769
2304
2816
1024
1024
1024
0
0
-257
-1537
-257
1280
1536
768
1024
2048
1792
768
-769
-1281
-513
-1025
-2049
-1281
-257
256
1536
768
-513
256
768
-769
-2305
-769
-257
-1025
0
512
0
1792
3072
512
-1
1024
256
-1025
-1025
-257
-513
512
1024
-1
512
2048
1024
-257
-513
-1025
-1025
-1025
-1537
-1025
256
1280
512
768
1024
512
512
-1
-1537
-1025
256
-257
-257
1280
1792
1536
1792
1024
-257
-1
256
-1281
-1537
0
0
-1
768
768
512
1280
512
-769
-769
-257
-769
-1025
-1
-1
256
1280
768
0
1280
768
-513
-257
-257
-769
-257
256
-1
256
1536
1024
256
512
256
-513
-513
-769
-1537
-257
256
0
512
1280
768
256
512
-513
-1025
-257
-513
-1281
0
1024
256
1024
1536
256
0
512
-257
-1537
-1
0
-513
256
1024
512
512
1024
0
-257
0
-257
-769
-257
-1
-1
512
512
256
768
768
-1
0
256
-769
-513
0
-513
-513
1024
768
0
1024
1280
-1
-1
0
-1025
-1025
0
-1
-257
1024
1280
512
768
512
-257
-513
-257
-769
-513
0
0
512
1024
768
256
512
-1
-769
-1
-1
-769
0
768
0
256
1280
256
-1
512
0
-769
-1
256
-513
-1
512
0
0
768
512
0
256
0
-257
-1
-257
-513
-1
256
0
512
1024
256
256
512
-257
-769
-1
-257
-513
256
768
256
768
1024
0
-1
0
-513
-769
-1
0
-1
512
768
256
256
256
-1
-1
-1
-257
-1
256
0
0
512
256
0
256
256
-257
0
256
-257
-1
256
-1
-1
256
256
0
512
512
0
0
0
-257
-257
-1
-1
0
512
512
256
512
256
-1
-1
-257
-513
-1
0
0
512
768
256
0
256
-1
-257
-1
-1
-1
256
512
256
256
256
-1
-1
0
-1
-1
0
256
0
0
0
-1
-1
0
0
0
256
0
0
0
-1
-1
-1
-1
-1
256
256
256
256
256
-1
-1
-1
-1
-1
0
256
256
256
512
256
-1
-1
-1
-257
-1
0
0
256
256
256
0
-1
-1
-1
-1
0
0
256
0
256
256
-1
-1
0
-1
0
256
256
0
256
256
0
-1
-1
0
0
256
256
0
0
0
0
-1
-257
-1
-1
0
256
256
256
0
0
0
-1
-1
0
0
256
256
512
512
256
512
0
-1
256
256
512
512
256
256
0
0
256
-257
-257
-1
-1
0
0
-1
-257
-513
-1
-1
-513
-1
-1
-1
256
256
256
0
0
512
-1
0
512
512
768
512
256
256
0
512
256
-513
-257
-1
0
0
-257
-513
-1025
-769
0
-513
-1025
-513
-513
-1
0
0
0
-257
256
768
256
768
1280
1280
1280
1024
1536
1280
768
1792
768
0
768
768
1024
256
-257
-1
-1025
-257
0
-1281
-1537
-1281
-513
-257
-769
-513
-1025
-1281
256
256
-1
256
256
1024
768
1024
1792
768
1024
1792
1024
1024
1024
1280
1024
-257
-1
-1
-769
-1
-513
-2049
-2049
-1793
-769
-1537
-2561
-1793
-2817
-2049
-1
-769
-1281
-1281
-257
1024
256
1024
1280
256
1792
2560
2304
2304
2048
2816
2048
1280
2304
1536
768
1536
256
-257
-513
-1
256
-1793
-2049
-1537
-2305
-1025
-769
-1793
-2049
-2049
0
256
-513
256
0
0
2048
2304
2304
1536
1792
3328
2304
2304
3072
1536
1536
1792
1024
768
-1
256
-1
-2049
-1537
-1793
-2305
-1793
-2561
-3073
-3841
-3073
-769
-2049
-2817
-1793
-2049
-513
512
256
0
-257
1280
2816
1536
2304
2304
1792
2304
2560
2560
1536
1024
2048
512
-1
512
-1
-513
-1281
-1537
-1281
-2561
-1537
-769
-2817
-2305
-1793
-1537
-257
-257
-1
-257
-513
1792
2304
1536
1792
1792
2560
3072
3584
3328
1536
2048
3072
2048
1792
1280
512
512
-257
-1
-513
-2049
-769
-1281
-3073
-2561
-2305
-1793
-1793
-2561
-2049
-2305
-1281
256
-257
-769
-257
768
1536
1024
1792
1536
768
2304
2304
1536
2048
1280
1280
768
256
1280
256
-1025
-257
-769
-1281
-1025
-1793
-2049
-2049
-1537
-1537
-2305
-1793
-769
-513
-1025
-1281
0
768
768
1280
0
512
3072
2560
1792
1280
1280
3072
2560
1024
1280
1024
1024
1536
0
-257
256
256
-513
-1281
-1025
-513
-257
-1281
-1793
-769
-513
-257
-257
-1281
-257
1024
-1
-1
512
768
1536
768
-1
1024
1536
1280
768
-1
0
1536
1024
-513
-513
-1
0
0
-1025
-1537
-257
-257
-769
-769
-1537
-257
512
-769
-769
0
0
768
512
-257
512
1280
768
768
256
512
1536
768
-1
512
512
0
256
-513
-769
256
-257
-769
-513
-1025
-257
0
-1025
-769
-1
-257
256
0
-257
512
1024
512
1024
768
768
1792
1280
512
1024
768
768
1280
256
-1
768
512
0
-1
-1025
-513
-1
-1025
-1025
-769
-1281
-1
-1
-1281
-769
0
-257
-1
-257
-257
768
768
256
512
512
1280
1792
512
256
1536
1280
512
512
-257
0
1024
0
-513
-1
0
512
-257
-1537
-769
-257
-1025
-769
-1281
-1025
512
512
-513
-1
512
512
512
-513
-513
512
512
768
512
256
1792
2304
256
-1
512
256
0
-1
-769
-1
768
512
-1
-513
0
768
-257
-1025
-1
-1
-257
-1
-769
-769
768
1024
0
256
1024
1280
256
-513
-513
-513
-513
256
0
-1
1536
2048
256
-1
0
-513
-1025
-1025
-1025
-769
0
768
512
0
1024
1280
-1
-513
-1
-769
-769
0
-1
-1
1280
1792
1024
512
768
512
-257
-769
-257
-769
-769
256
0
-513
768
1280
256
256
512
-1
-769
-769
-769
-1537
-769
512
1024
768
2048
2304
512
0
-1
-1537
-2049
-513
-1
-1
1280
2560
1792
768
1024
256
-1281
-1281
-513
-1281
-1025
512
512
0
1024
1536
256
0
512
-257
-1281
-769
-513
-1281
-513
1024
1024
512
1792
1792
256
256
0
-1281
-1793
-513
-257
-769
0
1536
1536
1280
1792
1024
-513
-513
-513
-2049
-2305
-257
256
512
2048
2560
1280
512
768
-513
-2305
-1537
-769
-1025
-1
1792
1280
768
1792
1536
-257
-513
-1
-769
-1025
0
-1
-1025
0
1280
1024
768
1280
768
-1
0
-257
-1793
-2049
-513
0
256
1024
1792
1536
1280
1280
-1
-2049
-1537
-513
-769
-513
512
768
768
2048
2048
0
-513
-1
-769
-1281
-769
-769
-513
1024
2048
1024
512
768
512
-1
-257
-1281
-1793
-257
768
512
256
256
256
1024
1280
0
-769
-257
0
-257
-513
-769
-1025
256
1792
1536
512
0
512
512
-1
-1025
-1793
-1537
0
1792
1280
0
512
1536
512
-1
-513
-1793
-1537
1024
1024
-1281
-513
1792
1280
768
1280
-769
-2305
256
1792
-1025
-1537
0
0
256
2048
768
-1537
-1
2048
256
-1537
-1025
-257
-1
1024
1024
-769
-1025
1280
2816
512
-1281
-769
-257
-1
1024
256
-2049
-769
2816
1792
-769
-1
256
-513
768
1280
-2305
-2817
1536
2560
0
0
0
-1025
768
2560
-769
-3073
-257
1280
768
768
0
-1281
256
2304
512
-1537
-1025
256
1024
1024
-513
-1793
-513
1792
2304
256
-1793
-1025
1024
1024
256
-513
-1793
-513
2560
1536
-1537
-769
1024
256
1024
1024
-2305
-2305
2304
2304
-1281
-769
256
-513
1536
3328
-1281
-3585
512
1792
-513
-1
0
-1281
512
3072
256
-2561
-513
1792
1024
-1
-769
-1281
-513
1792
2560
-513
-2561
256
2560
256
-769
0
-1537
-1281
2816
2048
-3073
-1025
3328
512
-1025
1024
-769
-2817
2304
3584
-2561
-2561
1792
768
-1
2048
0
-2817
256
3072
-257
-2049
-257
256
256
1024
512
-769
-513
1280
2048
-513
-2561
-1
1536
0
256
768
-1793
-1281
3584
1536
-2817
-257
1792
-1025
0
2304
-1793
-2561
3072
2048
-2049
0
1024
-1025
512
2304
-1793
-2561
1280
1280
-1
512
-257
-1025
1024
1280
-513
-513
-257
-513
1536
768
-1281
-1
1536
-1
0
1024
-1793
-1025
2816
768
-2049
256
256
-1537
1280
2560
-2049
-513
2560
-1
-1025
1280
-513
-2305
2304
1536
-1793
256
1536
-1025
256
1792
-1793
-1281
2560
256
-1025
1280
-257
-1793
1536
1536
-1793
256
1792
-1025
0
1536
-1793
-1281
2304
0
-1025
1792
0
-1793
2048
768
-2561
-1
1792
-1281
256
2816
-1537
-1281
2560
-257
-2049
2048
768
-2305
1792
2048
-2817
-1
2304
-1537
-769
2816
-513
-1793
2816
256
-2561
1024
1024
-2049
1024
2304
-1537
-257
2560
-1281
-1025
2048
-769
-1281
2304
768
-2049
1536
512
-2561
768
1792
-2305
-1
2560
-1537
-1537
2560
-1025
-2817
2304
768
-2561
1280
2304
-2817
-1
2304
-2305
-1281
2560
-513
-1793
1792
-1
-2817
768
256
-3329
0
1024
-2049
-257
1536
-2305
-1793
1536
-1537
-1793
2048
0
-2305
1536
768
-3073
256
1792
-2561
-1
2560
-1281
-1537
2048
-513
-3073
1536
512
-2561
1024
1536
-2305
-257
1280
-2049
-1537
1280
-1281
-2049
1024
-1025
-3329
-257
-1025
-4353
-513
-1
-3585
-1281
256
-3329
-2561
512
-1793
-2817
1280
-1
-2817
768
256
-3329
-1025
256
-3329
-2305
-1
-3073
-3841
-1537
-3329
-5121
-2049
-2305
-4353
-1025
-1
-2305
256
1792
256
1792
4864
3584
3840
7680
6144
5120
8448
7936
5376
8192
8704
5888
7680
9216
6656
7168
9472
8448
7680
11008
11264
9728
13056
13824
12800
15360
16896
16128
17664
19456
18944
18944
21248
20224
19712
22272
21504
20480
22528
22528
20736
22528
23040
21760
22784
24576
23552
23296
25344
24320
22784
24576
24064
22272
23808
23808
22528
22528
23040
22016
21248
22784
22272
22016
24320
24576
24320
26368
26368
26112
27392
27392
26880
27136
27136
25600
24064
23552
20736
17664
16896
13824
10752
9728
7168
4864
3584
2304
768
-257
0
-257
-769
512
512
512
1792
1536
1024
1280
-769
-1793
-3329
-4865
-7169
-9985
-12033
-15361
-18433
-19969
-23041
-25089
-25857
-27393
-27905
-27649
-27137
-25857
-24321
-21505
-19201
-16641
-12289
-9473
-6401
-2049
512
3840
7424
10496
14080
16896
20224
23552
26368
30208
-32000
-28672
-23552
-19712
-14848
-9216
-4352
1537
7425
13057
19457
25345
32001
-27391
-21247
-14591
-8959
-3327
2562
7426
13058
18434
23298
29186
-31486
-26366
-21502
-17406
-13054
-9214
-5630
-1790
1027
4099
6659
7939
9475
9731
9219
8963
7171
5891
4611
2307
771
-2046
-4606
-7166
-10494
-13310
-15870
-18942
-20990
-23806
-26366
-29182
32258
28674
23810
18434
13314
6914
514
-6143
-14335
-22271
-31743
24321
14849
4609
-4864
-14080
-23296
-31232
25600
17664
9984
2048
-4865
-11521
-18177
-23553
-29441
30719
25087
18687
12287
4607
-3074
-10498
-18946
-26882
30462
21502
12798
3326
-6147
-15363
-24835
32253
24317
16637
10237
3325
-2820
-8964
-15108
-20228
-25348
-29700
32252
28412
25084
21756
17660
13820
9212
5116
1276
-2309
-5381
-7941
-10757
-13061
-15877
-18437
-20741
-23045
-24325
-25093
-25605
-25093
-24837
-24325
-23813
-23557
-22533
-21253
-19461
-17157
-14341
-11269
-7685
-4613
-517
3068
8188
13564
20220
27644
-29444
-21252
-12292
-3844
4861
13821
23037
32765
-22275
-11779
-771
9726
19966
29694
-27138
-17922
-9218
255
9727
19967
30207
-24577
-14337
-3585
6400
17408
28672
-24832
-12288
769
13569
26625
-26367
-14079
-2047
9474
21506
-31998
-19966
-8958
1539
10755
18947
25603
32259
-27901
-22269
-16637
-11261
-6653
-2557
260
1796
2308
2564
2052
1284
1028
4
-1277
-3069
-6141
-10237
-14845
-20221
-25597
-31229
28931
22787
17155
10755
3843
-3838
-10750
-18174
-24830
-30974
28674
22274
16386
9986
2562
-4607
-11519
-18687
-25343
-30719
29441
23809
17921
11521
3841
-3328
-11264
-18944
-25856
-31744
27136
21504
15616
8704
1536
-5121
-12801
-20225
-26881
31999
24831
18431
11519
3071
-4610
-12546
-20738
-28930
29950
22014
14846
7934
510
-7683
-14595
-21763
-28419
31741
27645
23037
19709
16637
12285
8445
5373
1533
-2052
-3332
-4868
-6404
-6916
-7428
-9988
-11012
-12548
-14852
-16388
-16132
-17156
-16900
-15620
-14852
-14852
-12804
-11012
-9732
-5892
-1284
2557
8701
15869
21501
28413
-28419
-20483
-11779
-3
11006
22014
-30210
-17410
-6402
6143
18943
29695
-23553
-9985
1280
13312
26368
-28672
-19968
-9984
-1792
3841
11521
18177
22785
28417
-31231
-28927
-26367
-22783
-22015
-21759
-18687
-17919
-17919
-15359
-13567
-14591
-12799
-11263
-12031
-11007
-7935
-7423
-5887
-1791
-767
2
2818
4098
3586
6402
8706
8706
11010
14082
13314
13570
15362
13826
12034
13314
12290
10242
11522
11010
8194
7938
7426
3842
2818
3330
770
2
2050
1026
2
2306
2562
1282
4354
6914
7170
10754
15618
16898
20226
25602
27394
29954
-29438
-25854
-23038
-16382
-11518
-9214
-3582
1539
2819
7171
13571
15619
19459
25859
28675
30979
-28925
-26365
-25597
-21245
-17917
-17405
-13821
-9725
-9725
-7421
-3837
-4605
-4605
-1789
-2045
-3325
-509
-253
-2557
-1533
-1277
-5117
-5885
-5885
-9469
-11517
-10749
-14077
-17405
-17661
-20989
-26109
-27645
-30461
29699
27651
25603
20227
16899
14595
8195
3075
259
-6142
-13566
-16638
-22014
-29950
31234
25346
15874
9218
3586
-6399
-14079
-19455
-28415
28417
22785
14593
5121
-768
-7424
-16384
-21504
-26368
32000
26880
23296
16896
11776
9216
4352
0
-769
-3841
-7425
-7937
-9473
-13569
-14593
-15361
-19457
-20993
-20737
-24321
-27393
-28161
-32001
28159
25599
21503
14847
11263
7423
767
-4354
-7938
-14594
-20738
-24578
-30466
29694
26878
23038
18686
16638
14078
9982
8190
6398
2814
1534
1022
-2051
-3843
-4099
-7171
-10499
-11267
-13827
-17667
-18691
-19715
-23555
-25091
-25347
-28931
-31747
-32515
30205
26621
25085
23037
19453
17149
14845
11005
7933
5117
1789
-772
-2564
-5380
-7172
-8196
-11012
-13060
-14084
-16644
-19716
-20484
-22788
-26628
-28164
-29956
30972
27900
26364
22524
18940
18172
16636
14076
13564
13820
12540
12284
13308
13308
13564
14588
15356
15612
15356
14844
13820
12028
9212
6396
3580
-1029
-5381
-8709
-13317
-18693
-22021
-25093
-29701
-32261
32763
31483
30459
32251
-31749
-30981
-28421
-24581
-22021
-18693
-13573
-8709
-4357
1276
7676
13308
19196
26364
-32004
-25092
-18180
-10244
-3076
2813
9213
15613
20221
22525
27133
30717
32509
-30211
-27139
-25603
-24323
-21251
-18435
-16643
-12803
-7683
-3587
1022
7678
13822
19198
26366
-31490
-25090
-18690
-10754
-3586
2303
8959
16127
22015
27391
-31745
-25345
-19969
-13825
-6657
-257
5120
12032
18944
24064
29440
-30208
-25600
-23040
-20224
-18176
-18944
-20736
-22272
-25856
-31488
28416
22784
15360
7680
1280
-5377
-13057
-19457
-24577
-30209
30207
27391
25087
22015
20735
20735
20479
20479
22783
25855
28671
-32513
-26369
-20225
-14081
-5889
2048
9472
17152
25344
32512
-27648
-21760
-16640
-14080
-12544
-11008
-11776
-14848
-18176
-22272
-28928
29184
22016
13824
4608
-3841
-11521
-19713
-27649
31487
25343
18943
13567
9471
4863
511
-2050
-3842
-6146
-7170
-6402
-5890
-5122
-2818
-2
2303
5375
9983
14847
19711
26367
-31489
-24065
-15873
-6401
2560
11008
19968
28928
-29184
-21760
-14080
-6912
-256
6913
14849
22273
29697
-27903
-20223
-13567
-6911
-255
5378
10242
15874
21250
25858
30722
-29438
-25342
-22014
-18942
-16638
-15870
-15358
-15102
-15614
-16638
-17150
-17150
-17918
-18686
-18942
-20222
-22270
-24830
-27902
-32510
28162
23554
18434
13058
8194
3842
-767
-5631
-9983
-15103
-20991
-26879
-32767
26625
20737
16129
12033
8705
6145
4609
3073
1281
-256
-2304
-4864
-7424
-9472
-11520
-13312
-13568
-13056
-12288
-11008
-8960
-7424
-6400
-5376
-4352
-4096
-3584
-2560
-1024
769
3585
6657
9729
12545
15105
16897
17665
18177
18177
17921
17409
18177
18945
19969
21761
23553
24321
24833
24577
23041
20993
18433
16129
13569
11521
10241
9217
8193
7681
6657
4609
2049
-512
-3840
-7680
-10752
-13312
-15360
-16384
-16640
-16640
-16640
-16384
-16640
-17920
-19456
-20480
-22272
-23808
-24064
-23552
-23040
-21504
-18944
-17152
-16128
-14592
-13312
-13824
-14080
-13312
-13312
-13056
-11008
-8192
-6400
-4096
-768
1281
2049
3329
4353
3585
3073
4609
5633
5889
7681
10497
11521
12033
13825
14593
12289
10753
10497
8193
5121
4865
4865
2049
1025
1537
-512
-4352
-6144
-8448
-14080
-18944
-20992
-24320
-29696
-31744
-32256
29696
25856
25856
23808
17920
14848
13824
9216
4096
4096
3072
-1025
-2049
-257
-2305
-5633
-5121
-5377
-9985
-12801
-11777
-13569
-17665
-17153
-15105
-17921
-19457
-16385
-16385
-20737
-20737
-18689
-22017
-25089
-22017
-21249
-24833
-23553
-19201
-20225
-22017
-18689
-17153
-20481
-20481
-16897
-17665
-20225
-17409
-14593
-16641
-16641
-11777
-11521
-15105
-13057
-10241
-13313
-14849
-10753
-10753
-14081
-11521
-7425
-9473
-10241
-5889
-5377
-8449
-6401
-2561
-3841
-4865
-513
1536
-1
2048
7168
6656
4864
9216
11776
8704
10240
15104
13568
11264
15872
18176
14592
15616
19712
17152
14080
17408
18944
14592
14592
18432
16640
13568
16896
19200
14848
13568
18176
16896
12544
15616
19200
14336
13056
18944
18432
13056
16128
19712
14080
11520
16896
15872
9472
11264
14848
9728
5888
10752
10496
2816
2560
6912
2048
-3841
512
1792
-6401
-6913
-257
-4097
-11265
-6401
-3841
-12289
-13825
-6657
-9473
-16641
-12545
-8449
-15105
-17409
-10497
-11777
-19969
-17921
-12545
-18689
-23553
-16897
-15873
-24833
-23553
-15873
-20737
-27137
-20737
-18433
-26881
-26113
-18433
-21761
-27649
-21249
-16641
-22785
-22529
-13825
-14849
-21249
-16129
-9729
-14593
-16897
-8449
-6657
-12801
-8961
-1025
-5121
-8449
-1281
256
-5889
-3073
3840
256
-3329
3328
6656
1280
2816
9984
8704
3840
8704
13312
9472
8704
15104
15360
11776
15872
21248
17408
16128
22016
21248
15872
19200
23808
19456
16896
21760
22272
17408
17920
20992
17664
14336
16128
16384
12288
12032
13824
10752
7936
11008
11776
6912
6400
9984
6912
2560
5120
6656
2560
1536
4608
3840
1792
3328
3072
-1
-257
1024
-1025
-3585
-1281
-513
-4353
-5633
-2305
-3073
-7169
-6657
-4609
-6913
-8961
-7425
-7937
-10241
-8961
-7681
-9729
-8705
-5633
-6913
-10241
-7937
-5633
-8705
-10497
-6913
-5121
-7425
-7169
-4097
-4353
-6401
-5889
-5377
-6657
-5889
-4097
-6145
-7169
-4353
-4097
-7681
-6657
-2561
-3841
-6913
-5377
-2817
-4865
-6913
-5377
-3841
-4353
-3585
-2049
-2049
-1537
-513
-1793
-3585
-1537
256
-1793
-2305
1536
3328
256
-1
2560
2816
1024
1280
3072
3328
3072
2560
2304
3072
4864
4864
3840
5376
7680
6144
3328
4608
6912
5376
3584
5632
8448
7936
6656
6912
7424
6912
5632
4608
5120
6656
6400
4352
4096
5888
5632
2816
2560
4864
5120
2304
1024
2048
1792
-257
-1025
0
1280
1024
-1
-769
0
-257
-2817
-4097
-2305
-1281
-2817
-3585
-1793
-513
-2305
-4097
-3585
-2305
-2561
-3841
-3841
-2561
-2049
-3841
-5121
-3329
-1537
-2305
-3585
-1537
-513
-1793
-3841
-3841
-2305
-1793
-2305
-2305
-513
512
-769
-2305
-1537
-1
-1281
-2817
-1537
256
0
-1281
-1025
0
256
-513
-1025
-1
1024
0
-1537
-1537
-1
-513
-2049
-1025
1280
1024
-257
-769
-257
-513
-1537
-2049
-1281
256
256
-769
-769
768
768
-1025
-1025
768
1280
-1
-1
1024
1280
768
512
1024
2304
3328
2304
2048
3328
3584
1536
768
2816
3840
2560
2816
4352
4352
3328
2816
2560
2816
3328
2816
1792
2816
3840
2560
1280
2816
3840
2304
1536
2560
2560
1280
768
768
512
1024
1280
256
512
1792
768
-1281
-769
0
-1281
-2561
-1281
-769
-2049
-2305
-2049
-2561
-2817
-2305
-3073
-3841
-2561
-2561
-4609
-4353
-2561
-3073
-4353
-2817
-1537
-2305
-2817
-1793
-2049
-2817
-2049
-2049
-2561
-1281
0
-769
-1025
512
512
-1025
-513
768
-1
-769
512
768
0
768
1792
768
1024
2560
1792
512
1792
2816
1024
1024
2816
2816
1536
3072
3840
2560
2560
3840
2816
1536
2816
3072
1280
1792
3328
2304
1280
2560
2560
768
768
1536
0
-769
0
-1
-1281
-257
256
-1025
-1281
0
-769
-2561
-1793
-1025
-2817
-2561
-769
-1281
-2305
-769
-257
-2049
-1793
-513
-2049
-2817
-1281
-1025
-2817
-2049
-257
-1537
-2561
-513
-513
-2561
-1537
-513
-2049
-2561
-513
-769
-2305
-769
768
-513
-513
1280
768
-513
768
1792
0
256
2816
2304
1024
3072
4096
2304
2048
4096
2816
1024
2560
3328
1280
1536
3840
2816
1024
2560
3072
512
512
2048
768
-513
1024
1792
-1
0
1792
768
-513
768
1280
-513
-257
1024
0
-1025
512
1024
-513
-257
768
0
-1281
-257
-257
-2049
-2049
-1025
-1793
-2817
-1793
-1281
-2561
-2561
-1793
-2305
-3329
-2817
-2305
-2817
-2817
-1537
-1025
-1537
-769
-1
-1
-513
-1
512
0
0
1024
1536
1024
1280
2304
1792
1024
1792
2048
768
512
1536
1024
-1
512
1536
0
-1
1024
768
-513
0
1280
0
-513
1280
1536
0
1024
2816
1536
512
2816
3072
512
1280
3072
1536
0
2048
2560
-1
0
2048
0
-1793
-1
256
-2561
-2817
-257
-1793
-4097
-1537
-769
-3329
-3329
-257
-1537
-3841
-1025
256
-2305
-1793
1280
512
-1537
768
2816
0
-1
3072
2048
-513
1280
3072
256
-513
2304
1280
-1537
0
1792
-769
-2305
512
256
-2817
-1281
768
-1281
-2305
512
1024
-1537
-257
2560
512
-769
2304
3072
256
1024
4096
2560
256
3072
3840
768
768
3328
1536
-1025
768
1792
-1281
-1793
512
-769
-3329
-1793
-257
-3073
-3841
-769
-1537
-3841
-2049
0
-1793
-2561
512
512
-1793
-1
2304
256
-513
2304
2816
-1
768
3328
1280
-257
1792
2304
-513
-257
1792
0
-2049
0
512
-2049
-2049
256
-513
-2817
-513
512
-1793
-1537
1024
512
-1281
512
2560
256
0
3072
2560
512
2048
3840
1792
768
3328
2816
0
1024
2560
512
-769
768
768
-2049
-1537
0
-1793
-3073
-1281
-769
-3073
-2561
-257
-1537
-2817
-513
0
-1281
-1025
1280
768
-513
1280
2560
768
768
2560
2048
256
1280
2304
256
-257
1024
256
-1281
-769
0
-1537
-2305
-513
-1025
-2561
-1537
-257
-1281
-1793
-1
256
-769
0
1536
768
256
1792
2560
1280
1536
2816
2048
1024
1792
2304
768
256
1280
512
-769
0
256
-1025
-1281
-257
-769
-1793
-1025
-257
-1281
-1281
-1
-257
-769
-1
512
0
-1
768
768
256
768
1280
768
256
1024
1024
256
256
768
256
-257
0
256
-513
-513
-1
-513
-1025
-513
-513
-1025
-1025
-257
-769
-1025
-257
-1
-257
-1
512
512
256
768
1280
1024
1024
1536
1536
1280
1024
1280
1024
512
512
512
-1
-257
-1
-513
-1025
-769
-769
-1537
-1281
-769
-1025
-1025
-513
-257
-257
0
512
512
768
1280
1280
1280
1536
1536
1536
1536
1024
1024
768
256
0
0
-257
-769
-769
-1025
-1537
-1281
-1025
-1537
-1281
-769
-1025
-513
-1
0
0
512
768
768
1024
1536
1024
1280
1536
1024
1024
1024
512
256
256
0
-257
-257
-1
-769
-769
-257
-1025
-769
-257
-769
-769
-257
-257
-257
0
256
-1
256
768
0
512
1024
256
512
1024
512
256
768
512
0
256
512
-1
0
512
-257
-1
256
-257
-257
-1
-257
-513
-257
-1
-769
-257
256
-769
-1
256
-257
0
512
0
0
768
768
0
768
1280
0
768
1280
-1
512
768
-1
-1
256
-1
-513
-1
0
-1281
-257
0
-1281
-257
0
-769
-1
256
-1
-1
512
512
-1
768
1280
-1
1024
1280
-1
768
1024
0
0
512
0
-513
256
256
-1281
0
0
-1281
0
0
-1025
-1
256
-1
-257
512
256
-513
768
768
-513
1024
768
-257
768
768
-1
0
768
256
-513
768
256
-1025
512
256
-1025
512
256
-769
0
256
-1
-513
512
256
-769
1024
512
-1025
1024
512
-513
512
512
-1
-1
768
0
-513
1024
256
-1025
1024
256
-769
768
256
-513
0
512
-1
-513
768
0
-769
1024
256
-1025
1024
0
-769
256
256
-257
-1
768
0
-513
1280
0
-1025
1280
0
-769
768
256
-513
0
512
-1
-513
1024
0
-769
1024
-1
-769
768
-1
-513
512
256
-1
0
768
-257
-513
1024
-257
-1025
1280
-1
-513
768
256
-257
0
768
-1
-513
1024
-1
-769
768
-1
-513
1024
0
0
512
512
-1
0
512
-513
-513
1280
-257
-1
1536
256
-257
768
256
-1
-1
1024
-1
-1
768
0
-257
1024
0
256
768
256
0
512
-1
-257
-1
512
-513
256
1536
0
-1
1280
-513
-769
-1
0
-769
-1
512
256
-257
768
-257
-1
-1
-257
-257
0
-1025
-1
-257
-257
-513
512
256
-257
-1
768
-1537
-1025
-257
-513
-1025
256
256
0
-257
768
-513
-513
-257
-1
-513
0
-513
512
-257
-1
0
1024
-1
512
768
1024
-1025
0
0
-513
-513
1536
768
1280
1280
2048
-1
0
-1
0
-769
768
768
1536
512
1536
1024
1024
-257
1024
256
256
-257
1280
0
-1
256
1792
-1
1024
1280
1280
-513
256
-257
-257
-1281
768
0
512
0
1536
0
0
-769
256
-1281
-513
-513
512
-1025
-1
-1
256
-1025
512
0
-1
-1281
-1
-1537
-1537
-1793
256
-513
0
512
1280
-513
-257
-1025
-769
-2561
-769
-257
0
-513
1280
256
0
-769
768
-513
-769
-513
512
-1025
-1
-1
768
-513
1024
1024
1280
-257
768
-1
-257
-1281
768
0
512
768
2560
768
1024
512
1280
-513
256
256
768
-257
1280
1024
1280
512
2304
1536
1280
256
1280
-257
-257
-513
768
0
1536
1792
2560
768
1024
0
-1
-1537
-1
-1
512
0
1792
768
256
-1
768
-513
-257
-257
256
-1025
-769
-769
-513
-1537
0
512
768
-257
512
-769
-2049
-2817
-1537
-2305
-1281
-1
1024
0
0
-257
-769
-2817
-1793
-1537
-1281
-1281
0
-1
-513
-769
0
-513
-257
0
512
-513
-513
-769
-769
-1537
-1
768
1536
2048
2816
1536
768
-513
-513
-1025
-257
512
2048
2560
3328
2560
2304
1024
512
256
768
768
1792
1792
2304
1280
1536
1536
1536
1280
2304
2048
1792
768
512
-257
-1025
-257
768
768
2048
2560
2304
512
-257
-1281
-2561
-3073
-1281
-513
0
768
1280
256
-769
-1537
-1793
-3073
-2305
-1537
-1281
-1281
-769
-1025
-1793
-2049
-1025
-1025
-1025
-257
-769
-1793
-2305
-2561
-2561
-2305
-769
512
1024
1536
1536
-1
-1025
-2049
-2305
-2049
-769
768
2048
2560
3072
1792
768
256
-1
-1
512
1280
1792
1536
2048
2048
1280
1792
2304
2304
2560
2560
2048
768
256
256
-1
512
2304
3072
3328
3328
2816
1024
-769
-1025
-1281
-1537
-1
1280
1792
2048
1792
1024
-513
-1537
-1281
-1793
-1793
-513
-257
-513
-769
-769
-1025
-1281
-513
-257
-769
-769
-1281
-2305
-3073
-3073
-2561
-1537
-513
768
1024
768
-1
-1537
-2561
-3073
-3073
-1793
-513
512
1536
1536
1536
256
-257
-513
-769
-769
-1
512
512
512
1024
1280
768
1536
2304
1792
1536
1280
768
-257
-513
256
512
1024
2816
3584
3072
2304
1792
512
-1281
-1025
-257
-257
256
2304
2560
1792
1536
1536
0
-769
-257
-257
-1025
-513
0
-1
-257
0
768
256
0
768
0
-1025
-1537
-1537
-2049
-2049
-769
256
512
1024
1536
768
-513
-1537
-1793
-2305
-2561
-1025
-1
256
768
1280
1024
0
-257
-1
-769
-1281
-769
-257
-513
-257
512
1024
512
1280
1792
768
-1
0
-257
-1537
-1281
0
512
512
1792
2816
1792
768
1024
0
-1281
-1281
-1
-257
-257
1024
1792
1024
1024
1536
768
-513
-257
-1
-1025
-1281
-1
256
-1
512
1792
1280
256
768
512
-769
-1537
-1025
-769
-1281
-257
1280
1280
768
1536
1280
-1
-1025
-513
-1025
-1793
-769
256
0
256
1280
1536
512
0
256
-1
-1281
-1025
-257
-513
-769
512
1280
512
768
1792
768
-513
-1
-1
-1281
-1537
0
256
-1
768
2048
1024
256
768
256
-769
-1025
-513
-513
-769
0
1024
768
512
1280
1024
-257
-769
-1
-769
-1537
-257
512
0
256
1536
1280
256
256
256
-513
-769
-513
-257
-257
0
512
768
512
256
768
512
-513
-257
512
-513
-1025
256
512
-513
256
1536
512
0
1024
512
-513
-257
-1
-769
-513
256
512
768
768
1024
1280
0
-769
-1
-1
-1537
-513
1024
256
-1
1792
1280
-513
0
256
-1537
-1025
512
-1
-513
1024
1024
-1
0
256
-257
-257
-1
-257
256
512
-513
-1
512
-513
-769
512
0
-257
1024
768
-513
256
512
-1537
-1025
512
-1
-257
1024
1024
512
512
-1
-1025
-1
-513
-1281
256
1280
256
1024
1792
-1
-513
512
-1025
-1793
1024
1024
-769
1280
2560
-1
-513
768
-513
-1281
512
256
-1
1536
1536
-1
256
512
-769
-769
0
0
768
1280
256
512
1280
-513
-1537
256
-1
-769
1024
1536
0
1280
1280
-1537
-769
768
-1537
-1793
1792
1280
-513
1280
1792
-1281
-769
256
-2049
-1281
1536
256
-513
2048
1536
-1025
-769
-1
-1537
-1025
0
-1
768
1536
0
-1
256
-1025
-1537
-257
-769
-257
1792
512
-513
1536
768
-2561
-1281
768
-1281
-1025
2304
1024
-257
1792
768
-2305
-257
512
-2049
-513
2560
768
-1
1792
1024
-1025
-257
-257
-1281
256
1280
0
1024
2048
256
-257
0
-769
-769
512
0
256
2304
1280
-257
1024
512
-1793
-769
512
-257
512
2304
256
0
2048
-1
-2305
0
512
-1537
512
2304
0
256
1792
-513
-1537
512
-513
-2049
768
2048
-257
256
1536
-257
-1025
0
-1025
-1025
768
512
-1
1024
768
-513
-257
-257
-1025
-257
-1
-257
1024
1536
-513
-257
1024
-769
-1537
512
-257
-1281
1536
1536
-1025
256
1536
-1537
-1537
1280
-257
-1793
1536
1792
-769
256
1280
-1025
-769
1024
-513
-1281
1024
1280
-1
512
768
-257
-257
0
-1
-1
0
0
1024
1024
-257
-1
256
-769
-1
1024
-513
-513
2048
1024
-1281
512
1280
-1537
-513
1792
-513
-1281
2048
1024
-1281
768
1024
-1537
-257
1792
-513
-1281
1280
1024
-513
512
512
-1025
-257
768
-1
-257
256
0
256
512
0
-1
-1
-257
256
512
-513
-257
1280
256
-769
512
256
-1281
512
1536
-1025
-1025
1792
256
-1025
1280
512
-2049
256
2048
-1025
-1025
1536
-1
-1025
1536
512
-1793
256
1280
-769
-257
1024
-257
-257
1024
0
-513
256
256
-1
256
-1
-257
768
512
-257
256
0
-1025
768
1536
-1025
-513
1536
-257
-769
2048
256
-2049
1024
1792
-1537
-1
2048
-1025
-1025
2304
0
-1793
1280
1024
-1793
0
1280
-1025
-1
2048
-257
-1281
1024
512
-769
768
0
-1537
512
1280
-257
512
512
-1537
0
1792
-1025
-769
1536
-769
-769
2816
256
-2305
1280
768
-2561
512
2304
-1793
-257
2816
-769
-1793
2560
512
-2817
768
1536
-2305
768
3584
-1537
-1281
2304
-769
-1537
2816
-1
-2817
1792
1536
-1281
1792
1536
-3073
-1
2048
-1537
-1
2816
-1281
-1281
3072
0
-2049
2048
512
-3585
768
2816
-2049
256
3840
-2305
-2561
3584
-1
-3329
2816
768
-4353
2560
4096
-3073
-1
2816
-3841
-1537
4352
-1025
-2561
3328
0
-2561
3072
1536
-4097
-1
1792
-2817
256
4352
-1281
-1793
3328
-769
-3329
3328
768
-4865
1792
3072
-3329
1792
5120
-4097
-2305
4096
-2305
-2561
5376
-1
-4353
4096
2560
-3585
2048
2560
-5377
-769
4608
-1537
-769
4864
-769
-3841
3840
1280
-4353
1536
2048
-4609
1024
5888
-2305
-1025
4352
-3329
-4097
5120
0
-4353
3840
1536
-4609
3584
4352
-5121
-769
2816
-4353
-1025
6144
-769
-3329
3840
0
-4353
3072
2048
-5633
-257
3840
-2817
0
6144
-2305
-4353
3840
-513
-4609
4352
1792
-5633
2304
4608
-3841
1024
4608
-5377
-3073
4864
-1025
-2049
5632
0
-4353
3328
2560
-4097
768
2304
-4609
-257
5632
-257
-1281
4096
-1281
-4609
3584
1792
-4609
1792
2816
-4353
1536
6144
-3329
-2305
3584
-3329
-3073
5632
512
-4097
3328
1536
-4097
2304
3328
-4609
-1537
3072
-1793
-513
5120
-257
-3841
2048
512
-3585
1792
2304
-4097
-1
4096
-1537
-257
3840
-2817
-4097
3072
0
-2561
3840
1280
-4097
2048
3072
-3073
0
2304
-3841
-1537
4352
0
-1281
3072
-1
-3329
2048
2304
-2817
-1
2048
-2305
-1
4608
-257
-2305
2048
-513
-2817
2816
2048
-2817
768
1792
-2305
512
3072
-2049
-1793
1792
-513
-257
3072
256
-2049
768
256
-1537
1024
1024
-2049
-257
2048
-1
256
2304
-1025
-2561
1280
256
-1793
1536
1024
-2561
512
3072
-769
-513
1792
-1793
-2305
2304
1024
-1537
768
768
-1537
512
2304
-257
-769
256
-257
-257
1280
512
-769
-257
-1
-1
1024
768
-257
0
0
-513
1024
1024
-1281
-769
768
-513
0
2560
256
-1793
768
1024
-1281
256
1280
-1793
-1537
1536
768
-257
1280
768
-1281
-257
1536
-1
-1025
0
-257
-769
512
1536
256
-257
-1
0
0
256
256
-1
-1025
-257
1024
512
-1
512
256
-769
512
1792
-1
-1025
0
-257
-769
1024
1280
-513
-257
768
0
-1
1024
0
-1537
-513
256
-1
256
768
-1
-257
768
768
256
-1
-257
-513
-1
512
512
0
0
0
256
768
768
0
-257
-513
-257
-1
256
256
-257
-257
256
512
256
256
-1
-1025
-513
512
256
-257
0
256
-257
256
1792
512
-513
256
256
-513
256
1536
-1
-1025
768
1024
-257
512
1280
-769
-1537
512
512
-1025
-257
512
-1025
-1025
1280
1024
-1025
-257
1024
-513
-769
1280
768
-1281
-1
2048
256
-257
1792
1280
-1281
0
2048
-1
-1025
1024
512
-1793
0
2048
-257
-1537
768
256
-1793
-257
1280
-1025
-2049
768
768
-1281
0
1792
-257
-1025
1536
1536
-769
0
1792
-1
-513
1792
1792
-513
0
1792
0
-769
1024
768
-1537
-769
768
-257
-1281
256
256
-1537
-769
768
-257
-1281
0
256
-769
-1
1280
512
-257
768
1280
256
256
1280
768
-1
512
1280
512
0
512
256
-257
-257
256
-1
-769
-513
-1
-769
-1025
-1
-1
-1025
-513
256
0
-513
0
512
-257
-1
1280
1024
0
768
1536
256
0
1536
1280
-257
256
1536
-1
-769
768
512
-1537
-769
768
-513
-1793
0
256
-2049
-1281
1024
-257
-1793
512
1024
-1025
-257
2304
512
-1025
1280
2304
-257
0
2816
1024
-1025
1536
2560
-257
-257
2304
512
-1793
512
1536
-1537
-1537
1280
-1
-2561
0
1536
-1537
-1537
1280
0
-2049
256
1792
-1025
-1281
2048
1280
-1025
768
2048
-769
-1025
2048
1024
-1793
0
1536
-1281
-1537
1280
0
-2561
-769
512
-1793
-2561
0
-513
-3073
-1281
512
-1025
-1537
1024
256
-2049
-257
1792
0
-769
1280
1024
-257
1280
3328
1280
0
2048
2304
512
1536
2560
512
-1
1792
2560
768
1280
2560
1024
256
1536
1792
256
256
1280
512
0
1792
2304
768
256
1024
512
256
768
512
-1025
-1281
-1
256
-1
-513
-1025
-2049
-1793
-1025
-1537
-3329
-3841
-3329
-3329
-2817
-2305
-2561
-3329
-3329
-2817
-2817
-3073
-2817
-3073
-3329
-3329
-2049
-769
-513
-513
-513
-769
-257
768
1280
256
-513
256
1536
2560
3584
3328
2304
2816
4352
5120
4352
3584
3328
3072
4096
5632
5888
5120
5120
5888
5632
5376
5888
5120
3584
3328
3584
3840
4096
4352
3840
2304
1792
2560
2304
1024
-1
-1793
-2817
-2049
-769
-1281
-3329
-4097
-4097
-3841
-3585
-4353
-6657
-8193
-8193
-7169
-6913
-7425
-7169
-7681
-7937
-6657
-6145
-6657
-7425
-7681
-7937
-7937
-6657
-5121
-4865
-4609
-4097
-3585
-2305
-1025
-769
-1793
-2561
-1281
256
1792
2816
2560
2304
3840
5888
7424
6912
5888
5632
5888
7424
8448
8448
8192
8448
9472
10496
10496
10496
9216
7936
7424
7424
7680
7936
7168
6656
5632
5376
5888
5632
4608
2560
256
0
0
0
-769
-2817
-3841
-3585
-3073
-2561
-4353
-6657
-8193
-8961
-8449
-8961
-9985
-10497
-11009
-10241
-9473
-9985
-9985
-11521
-12289
-12289
-12289
-11265
-10753
-11009
-10753
-11265
-10241
-8705
-8193
-7425
-7937
-8449
-7169
-6401
-5121
-5121
-5889
-4609
-3073
-769
1024
256
256
0
512
2560
2816
3328
4352
4608
6656
7936
8192
9216
8192
8960
9728
10240
12032
12032
12032
12544
11776
13312
14336
14848
16128
15104
15104
15872
15104
15872
14848
13824
14848
15104
16896
17408
15616
15104
13312
12800
13568
12032
12032
11264
10240
10752
9216
8192
7168
4608
4608
3584
2560
2560
0
-1281
-3329
-5889
-5889
-7169
-7937
-8193
-11265
-12033
-13825
-16129
-16641
-19713
-20737
-20737
-22017
-20993
-22273
-24321
-25089
-27649
-27393
-26881
-27905
-26625
-27393
-27393
-26369
-27649
-26369
-26369
-26369
-23553
-23041
-20993
-19201
-19713
-17665
-17409
-16385
-13057
-11777
-8193
-5633
-4865
-1793
-1025
256
3072
3584
7168
9728
11776
15872
16128
17664
19200
19200
22784
24320
25856
28928
28672
30464
31232
30208
32256
31744
-32768
-30720
-31232
-29440
-30208
-31744
-31232
32000
32000
-32768
31744
-32256
31744
30208
29952
26880
26368
25600
23552
24576
23040
22528
22272
18944
18176
16128
14080
14848
13312
13312
13056
10240
10240
7936
6144
6400
4096
4864
4864
3328
3840
1536
0
-257
-2561
-1793
-2305
-3073
-2049
-4097
-4865
-5889
-8449
-7937
-9217
-9729
-8705
-10241
-9985
-11265
-13569
-13569
-15617
-15873
-14849
-16129
-15105
-15873
-17409
-17153
-19201
-19201
-18689
-19457
-17665
-17921
-17921
-16897
-18433
-17665
-17409
-17665
-15105
-14593
-12801
-11009
-11265
-9729
-9217
-8705
-5889
-5121
-2305
0
768
3584
4352
5376
7680
8448
11520
13824
15616
18432
19200
20480
22016
22272
24576
25856
27136
29696
29696
30976
31488
30976
32000
31488
31744
-32512
32256
-32512
32256
30720
30464
28672
27904
27392
25856
25600
24064
22272
21248
18432
16896
15104
12800
12288
10496
8960
7680
4864
3328
1024
-769
-1537
-3073
-4097
-4865
-6913
-7681
-9217
-10753
-11265
-12545
-12545
-12545
-13313
-13057
-13825
-14337
-14081
-14593
-14081
-13569
-13313
-12033
-12033
-11521
-10753
-10753
-9729
-9217
-8449
-6913
-6401
-5121
-4353
-4097
-3073
-2561
-1537
-513
0
1024
1792
2048
2816
3072
3584
4096
4352
5120
5376
5632
6144
5888
5888
5888
5888
6144
6144
6144
6144
5632
5632
5376
4864
4864
4352
4352
4096
3840
3584
3072
2816
2560
2048
1792
1792
1280
1280
1024
768
512
0
0
-1
-1
-1
-257
-257
-513
-769
-769
-769
-769
-769
-769
-513
-513
-769
-769
-769
-769
-513
-513
-513
-257
-257
-257
-257
-257
-257
-257
-1
-1
0
0
0
0
0
0
256
256
